  4.593111e-11  4.036452e-11  9.104045e-12  9.468877e-12  8.288058e-12  7.559836e-12  6.949712e-12  6.489048e-12  6.162696e-12  5.889335e-12  5.475833e-12  4.908439e-12  4.420566e-12  4.380410e-12  4.590167e-12  4.450046e-12  3.771055e-12  2.756437e-12  2.036229e-12  2.020366e-12  2.488493e-12  2.533667e-12  2.748700e-12  3.457842e-12  3.734705e-12  3.796130e-12  4.317869e-12  5.356797e-12  6.871265e-12  9.125308e-12  1.092212e-11  1.213179e-11  1.346864e-11  1.485749e-11  2.155448e-11  2.089320e-11
  2.670540e-11  2.199924e-11  2.031629e-11  2.157729e-11  2.036152e-11  1.685386e-11  1.497024e-11  1.347740e-11  1.150582e-11  1.068822e-11  1.120621e-11  1.071420e-11  9.054127e-12  8.550806e-12  8.299592e-12  6.347972e-12  4.404840e-12  3.207743e-12  2.558963e-12  2.327616e-12  3.836541e-12  7.952018e-12  1.137413e-11  1.363877e-11  1.550637e-11  1.627867e-11  1.942014e-11  2.508708e-11  2.523755e-11  2.889129e-11  3.033493e-11  3.253821e-11  4.059080e-11  8.814619e-11  5.341943e-11  3.408502e-11
  4.854786e-11  4.907969e-11  4.586583e-11  4.590961e-11  4.018890e-11  3.325075e-11  2.635096e-11  2.161255e-11  1.840984e-11  1.768760e-11  1.935886e-11  2.032134e-11  1.970672e-11  1.188592e-11  6.466738e-12  3.895830e-12  2.654919e-12  2.216605e-12  2.431200e-12  2.990074e-12  4.687840e-12  1.017355e-11  1.720084e-11  2.433996e-11  3.519164e-11  4.290999e-11  5.531784e-11  6.535850e-11  6.346527e-11  6.856597e-11  7.020494e-11  7.100312e-11  6.599081e-11  6.474784e-11  5.606666e-11  5.030062e-11
  1.354577e-10  1.393673e-10  1.157121e-10  9.162497e-11  6.245492e-11  5.327743e-11  4.178515e-11  3.434630e-11  3.054401e-11  2.720403e-11  2.566689e-11  2.328279e-11  2.444984e-11  1.850931e-11  6.605661e-12  3.055365e-12  2.628745e-12  2.563255e-12  2.781785e-12  3.949171e-12  6.419135e-12  1.398440e-11  2.656294e-11  4.252639e-11  6.441835e-11  8.026813e-11  8.641203e-11  1.013842e-10  1.119854e-10  1.417146e-10  1.803182e-10  1.657979e-10  1.334459e-10  1.482513e-10  1.495512e-10  1.445290e-10
  4.204908e-10  3.337215e-10  2.302645e-10  1.653878e-10  1.083155e-10  8.164612e-11  6.444090e-11  5.055552e-11  4.275649e-11  3.685432e-11  3.134863e-11  2.700160e-11  2.366017e-11  2.096088e-11  1.040693e-11  4.188012e-12  4.259889e-12  4.599673e-12  4.591375e-12  6.649540e-12  1.388559e-11  2.598121e-11  4.273882e-11  6.221759e-11  9.271422e-11  1.147525e-10  1.753901e-10  1.966232e-10  1.973228e-10  3.340083e-10  3.762126e-10  2.508483e-10  1.995887e-10  2.221955e-10  3.826967e-10  4.068389e-10
  3.721817e-09  7.567402e-10  3.950325e-10  2.357156e-10  1.574167e-10  1.052085e-10  8.270435e-11  6.347547e-11  5.162279e-11  4.260682e-11  3.498438e-11  2.800100e-11  2.271999e-11  1.985917e-11  1.511050e-11  6.759019e-12  6.555570e-12  9.222199e-12  1.018783e-11  1.435110e-11  2.370951e-11  3.805147e-11  5.866709e-11  8.426881e-11  1.175498e-10  1.954042e-10  2.442226e-10  3.090169e-10  3.278732e-10  3.482600e-10  3.343308e-10  4.148980e-10  1.013365e-09  3.867317e-10  4.340528e-09  2.513840e-09
  8.330933e-09  2.704686e-09  5.537595e-10  2.887288e-10  1.901249e-10  1.272880e-10  9.394692e-11  6.976204e-11  5.340031e-11  4.129339e-11  3.194242e-11  2.476684e-11  1.955810e-11  1.707168e-11  1.847518e-11  1.224660e-11  1.311688e-11  1.846745e-11  2.052834e-11  3.121998e-11  4.662199e-11  6.411407e-11  8.803391e-11  1.151977e-10  1.483751e-10  3.493744e-10  2.837928e-10  3.502661e-10  4.766898e-10  4.874786e-10  5.211078e-10  1.765583e-09  7.862384e-10  3.351626e-10  5.505320e-09  1.568665e-09
  6.636100e-09  1.560745e-09  5.089242e-10  3.357967e-10  1.998859e-10  1.280516e-10  9.101055e-11  6.305023e-11  4.625245e-11  3.357485e-11  2.492520e-11  1.918932e-11  1.518914e-11  1.169667e-11  1.857993e-11  1.842978e-11  2.526407e-11  4.104896e-11  4.272831e-11  6.815569e-11  8.376126e-11  1.010810e-10  1.214895e-10  1.612774e-10  2.097500e-10  5.968428e-10  5.742446e-10  4.724514e-10  4.469568e-10  4.896687e-10  6.420955e-10  1.300876e-09  5.523365e-10  2.386325e-10  3.186394e-10  2.787469e-10
  1.825091e-09  1.155964e-09  4.212400e-10  2.486944e-10  1.396738e-10  8.296431e-11  5.887016e-11  4.345037e-11  3.233931e-11  2.401381e-11  1.876310e-11  1.496771e-11  1.196606e-11  8.672470e-12  1.422982e-11  2.171132e-11  5.466807e-11  7.548135e-11  6.715853e-11  8.947657e-11  1.025168e-10  1.231096e-10  1.622384e-10  2.351881e-10  3.616151e-10  1.313595e-09  2.405983e-09  2.732730e-09  2.461163e-09  6.186469e-10  6.021134e-10  1.216293e-09  6.341981e-10  2.197634e-10  6.369709e-11  7.034211e-11
  5.444268e-10  7.085981e-10  2.372141e-10  1.272153e-10  6.421890e-11  4.095358e-11  3.121910e-11  2.601803e-11  2.141680e-11  1.824808e-11  1.527581e-11  1.292941e-11  1.090912e-11  8.366373e-12  8.425914e-12  2.542570e-11  5.900041e-11  6.063351e-11  7.982389e-11  1.021520e-10  1.251819e-10  1.682427e-10  2.407120e-10  3.809800e-10  7.937134e-10  3.059439e-09  2.775763e-09  1.689807e-09  3.091713e-09  6.457440e-09  1.534771e-09  2.104891e-09  1.073893e-09  1.736251e-10  8.036960e-11  7.037236e-11
  2.650740e-10  3.415053e-10  1.132114e-10  5.464437e-11  2.978722e-11  2.165590e-11  1.952332e-11  1.827549e-11  1.664138e-11  1.545087e-11  1.394050e-11  1.282544e-11  1.169764e-11  1.029612e-11  9.695489e-12  3.996306e-11  4.946086e-11  6.196334e-11  9.293092e-11  1.295395e-10  1.752540e-10  2.480503e-10  3.688930e-10  6.315985e-10  5.880074e-09  7.312599e-09  4.693425e-09  4.095584e-09  4.708848e-09  6.699648e-09  1.599087e-09  3.142095e-09  5.672104e-10  1.735037e-10  6.886410e-11  7.441641e-11
  1.588419e-10  8.054682e-11  5.260182e-11  2.708464e-11  1.685794e-11  1.439079e-11  1.481926e-11  1.483033e-11  1.395114e-11  1.333079e-11  1.290117e-11  1.342156e-11  1.354989e-11  1.395811e-11  1.400044e-11  5.782524e-11  4.609484e-11  9.547221e-11  1.313908e-10  1.769800e-10  2.414218e-10  3.517298e-10  5.454521e-10  9.431879e-10  7.418103e-09  8.355890e-09  8.769772e-09  9.858385e-09  8.015545e-09  8.060625e-09  1.760711e-09  1.820205e-09  2.672995e-10  1.671026e-10  5.325957e-11  5.237044e-11
  9.152819e-11  3.770674e-11  2.799255e-11  1.444777e-11  1.097514e-11  1.101852e-11  1.161949e-11  1.175127e-11  1.141497e-11  1.141690e-11  1.227742e-11  1.436791e-11  1.743358e-11  2.262521e-11  2.654618e-11  5.222477e-11  1.062889e-10  1.211327e-10  1.764240e-10  2.326498e-10  3.225975e-10  4.805047e-10  7.272982e-10  1.214475e-09  7.486847e-09  9.125771e-09  1.345016e-08  1.576817e-08  9.417332e-09  5.034894e-09  1.187788e-09  5.147635e-10  2.277868e-10  1.679935e-10  4.979176e-11  4.103521e-11
  5.130543e-11  1.936317e-11  1.397955e-11  8.396397e-12  7.820594e-12  8.423131e-12  8.929931e-12  9.113227e-12  9.372224e-12  1.027615e-11  1.218069e-11  1.594137e-11  2.302264e-11  3.600457e-11  4.820421e-11  5.973308e-11  7.941077e-11  2.712877e-10  1.941208e-10  2.673311e-10  4.047906e-10  6.023604e-10  8.748160e-10  1.303336e-09  3.877442e-09  6.354323e-09  9.270381e-09  8.903153e-09  6.306100e-09  1.897936e-09  7.650544e-10  1.996194e-10  2.474088e-10  1.748239e-10  5.281695e-11  2.945205e-11
  2.732253e-11  1.032235e-11  8.040434e-12  5.788099e-12  5.870208e-12  6.268566e-12  6.727442e-12  7.037785e-12  7.704390e-12  9.228368e-12  1.170553e-11  1.609438e-11  2.417584e-11  3.976434e-11  5.834387e-11  6.473187e-11  7.659306e-11  2.474983e-10  2.340338e-10  3.466543e-10  4.570134e-10  6.950735e-10  1.000062e-09  1.265569e-09  1.764241e-09  2.778820e-09  3.287244e-09  3.234817e-09  2.797456e-09  1.125927e-09  4.564715e-10  1.814733e-10  2.462186e-10  1.509796e-10  5.952225e-11  2.619323e-11
  1.852851e-11  6.545879e-12  7.987141e-12  4.569967e-12  4.895595e-12  5.102027e-12  5.275414e-12  5.593484e-12  6.207074e-12  7.299588e-12  9.073924e-12  1.201911e-11  1.718434e-11  2.714840e-11  4.339813e-11  6.289269e-11  7.455112e-11  1.054862e-10  2.570006e-10  4.693163e-10  4.668758e-10  5.965233e-10  9.504148e-10  1.126092e-09  1.296776e-09  1.724789e-09  2.130956e-09  1.609366e-09  1.164817e-09  6.314858e-10  2.354440e-10  1.711023e-10  1.818790e-10  1.150225e-10  4.937496e-11  2.550590e-11
  1.471354e-11  6.123743e-12  3.348326e-12  3.761148e-12  4.100496e-12  4.129271e-12  4.035208e-12  4.012891e-12  4.208834e-12  4.707775e-12  5.725468e-12  7.106012e-12  9.346445e-12  1.297302e-11  1.866886e-11  2.936910e-11  4.857653e-11  7.502040e-11  1.712879e-10  2.887108e-10  5.477780e-10  4.008239e-10  6.156904e-10  6.452436e-10  7.301307e-10  8.886721e-10  9.393463e-10  7.650072e-10  4.285312e-10  2.167915e-10  1.040972e-10  1.206764e-10  1.024509e-10  7.205271e-11  3.990689e-11  2.168750e-11
  1.304042e-11  4.745902e-12  2.962027e-12  2.943027e-12  2.841685e-12  2.572113e-12  2.324469e-12  2.205887e-12  2.257619e-12  2.568146e-12  3.021497e-12  3.600631e-12  4.396005e-12  5.419436e-12  6.828966e-12  9.375842e-12  1.707488e-11  4.158352e-11  1.025296e-10  1.329120e-10  3.004375e-10  2.135853e-10  2.480505e-10  2.270417e-10  2.758371e-10  3.072081e-10  3.310846e-10  2.564555e-10  1.467513e-10  1.446756e-10  4.261009e-11  5.158627e-11  5.022971e-11  4.196575e-11  3.015597e-11  1.796803e-11
  1.013460e-11  4.100517e-12  2.766631e-12  2.428792e-12  2.039136e-12  1.915534e-12  1.723447e-12  1.668068e-12  1.804966e-12  2.068134e-12  2.357513e-12  2.715072e-12  3.136236e-12  3.567659e-12  4.233852e-12  5.384198e-12  7.884420e-12  2.116146e-11  5.965831e-11  7.308154e-11  1.351569e-10  1.633699e-10  8.838389e-11  8.275091e-11  8.984950e-11  1.005136e-10  1.078108e-10  9.700819e-11  5.592478e-11  2.019865e-10  1.578895e-11  2.130730e-11  2.653008e-11  2.565851e-11  1.842620e-11  1.251764e-11
  8.110632e-12  3.441672e-12  2.292321e-12  2.174698e-12  2.033202e-12  2.042952e-12  1.904759e-12  1.878939e-12  2.038448e-12  2.300953e-12  2.723208e-12  3.191583e-12  3.713116e-12  4.271008e-12  4.584801e-12  5.209307e-12  5.880101e-12  1.221119e-11  3.850059e-11  4.925785e-11  6.063213e-11  7.666890e-11  4.253797e-11  3.870109e-11  3.524185e-11  3.183916e-11  3.528185e-11  5.259670e-11  3.050303e-11  2.790228e-11  9.563529e-12  1.084061e-11  1.483296e-11  1.642305e-11  1.294065e-11  9.352341e-12
  3.949302e-12  2.995565e-12  1.523005e-12  1.400016e-12  1.537041e-12  1.817039e-12  1.756041e-12  1.723893e-12  1.752104e-12  1.902159e-12  2.179906e-12  2.573777e-12  3.004019e-12  3.429343e-12  3.647742e-12  3.969767e-12  4.476547e-12  6.467881e-12  3.243062e-11  3.389657e-11  3.833221e-11  2.949064e-11  2.106153e-11  1.653337e-11  1.344800e-11  1.045209e-11  1.107556e-11  2.436987e-11  1.904462e-11  1.397341e-11  6.023224e-12  5.847520e-12  7.063973e-12  7.905210e-12  8.071253e-12  7.101521e-12
  2.936087e-12  1.967956e-12  1.352468e-12  1.384994e-12  1.063423e-12  1.423069e-12  1.472951e-12  1.489246e-12  1.450977e-12  1.469834e-12  1.583811e-12  1.785223e-12  2.047551e-12  2.266087e-12  2.424563e-12  2.677139e-12  3.355790e-12  4.942946e-12  3.547297e-11  2.935111e-11  2.942414e-11  2.602501e-11  1.123853e-11  7.650447e-12  6.359672e-12  5.021287e-12  4.805860e-12  1.508475e-11  1.442884e-11  9.181526e-12  3.581146e-12  3.164233e-12  3.231875e-12  3.319249e-12  3.581418e-12  3.982006e-12
  2.102219e-12  1.728116e-12  1.680651e-12  3.340357e-12  9.509854e-13  1.106080e-12  1.302449e-12  1.416697e-12  1.417900e-12  1.328450e-12  1.330118e-12  1.363969e-12  1.452766e-12  1.546383e-12  1.681010e-12  1.955683e-12  2.585545e-12  4.724551e-12  3.107162e-11  4.371988e-11  2.368065e-11  2.056480e-11  6.806540e-12  5.091572e-12  4.500659e-12  3.678385e-12  3.194132e-12  1.068987e-11  1.359951e-11  6.984097e-12  3.128937e-12  2.079078e-12  1.870801e-12  1.661380e-12  1.651989e-12  1.935511e-12
  1.407656e-12  1.860866e-12  2.777350e-12  3.650562e-12  1.171569e-12  9.622770e-13  1.186167e-12  1.377622e-12  1.462425e-12  1.383045e-12  1.295773e-12  1.219104e-12  1.192933e-12  1.174251e-12  1.214810e-12  1.337607e-12  1.740521e-12  3.376672e-12  2.590564e-11  1.129557e-10  2.494390e-11  1.705101e-11  6.994347e-12  4.356654e-12  3.578426e-12  3.035599e-12  2.575480e-12  8.237951e-12  1.071948e-11  7.035636e-12  5.510822e-12  1.756987e-12  1.362665e-12  1.106227e-12  9.963726e-13  1.082569e-12
  1.137790e-12  3.191341e-12  4.552979e-12  7.749637e-12  1.497474e-12  1.127399e-12  1.273267e-12  1.463878e-12  1.588841e-12  1.542258e-12  1.403198e-12  1.259074e-12  1.179603e-12  1.060147e-12  9.905245e-13  9.342897e-13  1.084078e-12  1.836933e-12  1.922702e-11  2.111081e-10  3.764916e-11  1.950373e-11  8.515284e-12  4.780459e-12  3.153784e-12  2.409288e-12  2.203620e-12  4.839652e-12  1.044636e-11  7.083067e-12  1.806570e-11  1.772689e-12  1.196404e-12  9.275383e-13  7.827782e-13  8.074447e-13
  1.006316e-12  9.389873e-12  4.633250e-12  7.010744e-12  1.968562e-12  1.520578e-12  1.429071e-12  1.573439e-12  1.706488e-12  1.672340e-12  1.536977e-12  1.397665e-12  1.274285e-12  1.127187e-12  9.913009e-13  8.408405e-13  7.884229e-13  1.106468e-12  9.922660e-12  3.531831e-10  6.095523e-11  1.903693e-11  1.096117e-11  6.504134e-12  3.684950e-12  2.227514e-12  1.873656e-12  3.831942e-12  9.863650e-12  8.444499e-12  3.846447e-11  2.434722e-12  1.392743e-12  9.481330e-13  7.613761e-13  7.406387e-13
  9.358797e-13  4.066938e-12  3.211351e-12  3.334478e-12  2.364943e-12  1.907885e-12  1.606880e-12  1.618760e-12  1.667537e-12  1.651673e-12  1.534472e-12  1.385769e-12  1.266496e-12  1.157303e-12  1.033297e-12  8.875649e-13  7.249316e-13  7.567882e-13  6.750650e-12  1.916026e-10  6.319638e-11  1.900378e-11  1.254806e-11  8.555698e-12  5.123547e-12  2.715414e-12  1.779625e-12  2.477190e-12  8.892322e-12  7.639925e-12  7.694128e-12  3.199995e-12  1.883145e-12  1.204168e-12  8.791222e-13  7.792745e-13
  1.033781e-12  1.621116e-12  2.109529e-12  2.809311e-12  2.519698e-12  1.986584e-12  1.720678e-12  1.609265e-12  1.497340e-12  1.452327e-12  1.348283e-12  1.212895e-12  1.095584e-12  1.028209e-12  9.527522e-13  8.585090e-13  7.099446e-13  6.096820e-13  2.587736e-12  1.402859e-10  5.405444e-11  1.941965e-11  1.249856e-11  9.117380e-12  6.186842e-12  3.716409e-12  2.153968e-12  2.080101e-12  5.934469e-12  6.219853e-12  5.769483e-12  3.705946e-12  2.525536e-12  1.747880e-12  1.269814e-12  1.031161e-12
  1.267194e-12  1.490867e-12  1.601532e-12  1.847284e-12  2.183664e-12  1.559148e-12  1.397952e-12  1.340335e-12  1.291677e-12  1.181947e-12  1.087740e-12  9.794402e-13  8.807019e-13  8.132448e-13  7.659886e-13  7.060055e-13  6.413358e-13  5.653533e-13  1.485203e-12  7.252543e-11  3.078959e-11  1.694856e-11  1.091656e-11  7.615331e-12  5.826567e-12  4.118784e-12  2.775807e-12  2.305970e-12  3.381227e-12  4.894820e-12  4.947422e-12  3.865563e-12  3.025991e-12  2.300860e-12  1.815557e-12  1.456508e-12
  1.424720e-12  1.343289e-12  1.367606e-12  1.498036e-12  1.652360e-12  1.265243e-12  1.170768e-12  1.077559e-12  1.071520e-12  9.643714e-13  8.570685e-13  7.709564e-13  7.044934e-13  6.408390e-13  5.935874e-13  5.556878e-13  5.291014e-13  5.167481e-13  9.990508e-13  1.033036e-11  1.545037e-11  1.228215e-11  8.847866e-12  6.394513e-12  4.916337e-12  3.864847e-12  3.068986e-12  2.497596e-12  2.614641e-12  3.154567e-12  3.335311e-12  3.145964e-12  2.655603e-12  2.234011e-12  1.858770e-12  1.623679e-12
  1.206292e-12  1.156114e-12  1.162784e-12  1.172401e-12  1.150433e-12  9.988778e-13  9.594435e-13  7.987822e-13  7.414949e-13  7.067606e-13  6.554861e-13  5.931548e-13  5.468874e-13  5.051299e-13  4.720622e-13  4.572846e-13  4.479003e-13  4.621729e-13  7.263325e-13  2.544289e-12  6.367669e-12  7.557222e-12  6.423034e-12  5.118465e-12  3.951416e-12  3.173051e-12  2.681869e-12  2.310843e-12  2.169846e-12  2.219414e-12  2.255797e-12  2.086013e-12  1.831240e-12  1.606087e-12  1.416334e-12  1.281769e-12
  7.585742e-13  7.621966e-13  8.073299e-13  8.306960e-13  8.106344e-13  7.306682e-13  6.859369e-13  5.761043e-13  5.094198e-13  4.898256e-13  4.667602e-13  4.329833e-13  3.950339e-13  3.629040e-13  3.459371e-13  3.368071e-13  3.383752e-13  3.643558e-13  5.138775e-13  8.317678e-13  2.435865e-12  3.953467e-12  4.036514e-12  3.361657e-12  2.624897e-12  2.067715e-12  1.691928e-12  1.486427e-12  1.463494e-12  1.513256e-12  1.471961e-12  1.349115e-12  1.196588e-12  1.044670e-12  9.145930e-13  8.147292e-13
  4.302393e-13  4.432440e-13  4.851800e-13  5.099428e-13  5.129653e-13  4.869424e-13  4.501434e-13  3.942481e-13  3.651711e-13  3.385317e-13  3.159395e-13  2.919561e-13  2.678850e-13  2.486911e-13  2.348462e-13  2.316072e-13  2.295918e-13  2.430870e-13  2.918830e-13  3.547984e-13  9.115136e-13  1.696702e-12  1.900411e-12  1.783652e-12  1.458533e-12  1.156164e-12  9.108919e-13  7.782775e-13  7.570246e-13  7.865147e-13  7.954293e-13  7.600641e-13  6.847663e-13  5.974092e-13  5.172502e-13  4.587613e-13
  2.426138e-13  2.456653e-13  2.673182e-13  2.930901e-13  2.954021e-13  2.863791e-13  2.678350e-13  2.504588e-13  2.318568e-13  2.133277e-13  1.962875e-13  1.823580e-13  1.685181e-13  1.572138e-13  1.492846e-13  1.425549e-13  1.425939e-13  1.474606e-13  1.628541e-13  2.102124e-13  4.001682e-13  5.492996e-13  7.034589e-13  7.240007e-13  6.848248e-13  5.719117e-13  4.678965e-13  4.001769e-13  3.791731e-13  3.812788e-13  3.883536e-13  3.767148e-13  3.414565e-13  3.024592e-13  2.725196e-13  2.517882e-13
  1.086641e-13  1.167307e-13  1.337378e-13  1.409186e-13  1.360101e-13  1.325214e-13  1.299195e-13  1.282392e-13  1.257293e-13  1.235932e-13  1.163669e-13  1.130479e-13  1.072236e-13  9.924359e-14  9.106325e-14  8.660957e-14  8.587436e-14  9.148959e-14  1.150373e-13  1.478166e-13  1.839408e-13  1.858461e-13  2.230957e-13  2.542363e-13  2.634858e-13  2.508373e-13  2.139632e-13  1.799808e-13  1.646651e-13  1.602608e-13  1.672682e-13  1.494500e-13  1.286949e-13  1.209813e-13  1.279142e-13  1.184233e-13
  9.050570e-15  8.297217e-15  8.152168e-15  9.125253e-15  1.240679e-14  1.840965e-14  2.595310e-14  3.265970e-14  3.691298e-14  4.389872e-14  5.791030e-14  6.897086e-14  7.024107e-14  6.160145e-14  5.372026e-14  4.915789e-14  4.713133e-14  4.578389e-14  4.322958e-14  4.142622e-14  3.893509e-14  3.985888e-14  5.143402e-14  6.587804e-14  6.274378e-14  4.909444e-14  3.107642e-14  2.040260e-14  1.709165e-14  1.488126e-14  1.194749e-14  1.002110e-14  1.017648e-14  1.275023e-14  1.471694e-14  1.169417e-14
