  3.001337e-11  2.687317e-11  7.775054e-12  8.048572e-12  7.177860e-12  6.599193e-12  6.091313e-12  5.677299e-12  5.343223e-12  5.052961e-12  4.674216e-12  4.192261e-12  3.768435e-12  3.672069e-12  3.770042e-12  3.622014e-12  3.102276e-12  2.350371e-12  1.831905e-12  1.875837e-12  2.300456e-12  2.293361e-12  2.331251e-12  2.847358e-12  3.121954e-12  3.261177e-12  3.793544e-12  4.680084e-12  5.839394e-12  7.533316e-12  8.864884e-12  9.693632e-12  1.057951e-11  1.150467e-11  1.577448e-11  1.547814e-11
  2.294529e-11  1.939848e-11  1.825751e-11  1.950961e-11  1.836473e-11  1.518590e-11  1.336822e-11  1.180387e-11  9.934853e-12  9.229658e-12  9.665001e-12  9.251856e-12  7.708926e-12  6.963404e-12  6.573881e-12  5.051879e-12  3.635617e-12  2.742337e-12  2.286319e-12  2.112226e-12  3.496612e-12  6.971387e-12  9.559995e-12  1.123591e-11  1.302353e-11  1.403988e-11  1.691441e-11  2.188404e-11  2.221098e-11  2.485423e-11  2.571744e-11  2.754057e-11  3.313985e-11  6.439862e-11  4.222072e-11  2.822785e-11
  4.373948e-11  4.526387e-11  4.262426e-11  4.253480e-11  3.688907e-11  2.986126e-11  2.339051e-11  1.885961e-11  1.583534e-11  1.503537e-11  1.644826e-11  1.703776e-11  1.657691e-11  1.015607e-11  5.566814e-12  3.521018e-12  2.472282e-12  1.997358e-12  2.240974e-12  2.738993e-12  4.261626e-12  8.901709e-12  1.432110e-11  2.021484e-11  2.979010e-11  3.697115e-11  4.808982e-11  5.616631e-11  5.377367e-11  5.924105e-11  6.111938e-11  6.189876e-11  5.754195e-11  5.581428e-11  4.940204e-11  4.458061e-11
  1.250230e-10  1.302133e-10  1.084705e-10  8.454114e-11  5.579435e-11  4.724085e-11  3.647267e-11  2.966559e-11  2.619503e-11  2.321220e-11  2.165176e-11  1.951751e-11  2.046132e-11  1.612636e-11  6.047600e-12  2.909698e-12  2.531273e-12  2.400642e-12  2.654676e-12  3.871054e-12  5.814091e-12  1.216310e-11  2.209794e-11  3.530291e-11  5.442268e-11  7.015769e-11  7.658195e-11  9.103084e-11  9.929617e-11  1.230460e-10  1.514739e-10  1.414475e-10  1.173537e-10  1.314548e-10  1.317916e-10  1.309519e-10
  3.904701e-10  3.053371e-10  2.110718e-10  1.494855e-10  9.517072e-11  7.042372e-11  5.500568e-11  4.312852e-11  3.629777e-11  3.123168e-11  2.653263e-11  2.271750e-11  1.973815e-11  1.797252e-11  9.425730e-12  3.904671e-12  3.929041e-12  4.192892e-12  4.331797e-12  6.296804e-12  1.250906e-11  2.204536e-11  3.544127e-11  5.198895e-11  7.908113e-11  1.012939e-10  1.606804e-10  1.808664e-10  1.779157e-10  2.805187e-10  3.050211e-10  2.185460e-10  1.765345e-10  1.952747e-10  3.411250e-10  3.686901e-10
  3.406289e-09  6.805012e-10  3.511169e-10  2.101047e-10  1.369723e-10  8.917124e-11  6.973304e-11  5.341574e-11  4.336483e-11  3.585678e-11  2.940080e-11  2.339307e-11  1.884639e-11  1.651204e-11  1.322392e-11  6.203900e-12  5.930662e-12  8.250525e-12  9.214449e-12  1.289814e-11  2.045325e-11  3.184098e-11  4.872230e-11  7.094590e-11  1.023923e-10  1.754620e-10  2.280206e-10  2.795265e-10  2.978347e-10  3.013804e-10  2.988018e-10  3.642852e-10  8.889566e-10  3.408180e-10  3.520833e-09  2.355940e-09
  7.528022e-09  2.394649e-09  4.886307e-10  2.621257e-10  1.622587e-10  1.082173e-10  7.922771e-11  5.856819e-11  4.474268e-11  3.464647e-11  2.674043e-11  2.066753e-11  1.619904e-11  1.381900e-11  1.579186e-11  1.094667e-11  1.183601e-11  1.659537e-11  1.826276e-11  2.833746e-11  4.083066e-11  5.402427e-11  7.350898e-11  9.917159e-11  1.317918e-10  3.314040e-10  2.670621e-10  3.271362e-10  4.188275e-10  4.394814e-10  4.691238e-10  1.557226e-09  7.077851e-10  3.010687e-10  4.600895e-09  1.388501e-09
  5.665049e-09  1.362158e-09  4.364101e-10  3.000568e-10  1.687994e-10  1.085493e-10  7.640512e-11  5.303688e-11  3.888078e-11  2.827117e-11  2.098756e-11  1.610278e-11  1.260008e-11  9.462670e-12  1.639263e-11  1.620137e-11  2.314858e-11  3.723374e-11  3.635960e-11  6.033893e-11  7.201191e-11  8.560803e-11  1.043392e-10  1.416184e-10  1.876470e-10  5.598485e-10  5.426147e-10  4.403407e-10  4.034829e-10  4.396541e-10  5.835520e-10  1.196527e-09  5.012292e-10  2.175101e-10  2.801473e-10  2.498428e-10
  1.537892e-09  1.026163e-09  3.541925e-10  2.131829e-10  1.186039e-10  6.989722e-11  4.922403e-11  3.640547e-11  2.719353e-11  2.031614e-11  1.586030e-11  1.258178e-11  9.934405e-12  7.130499e-12  1.214357e-11  1.926471e-11  5.249471e-11  6.823312e-11  5.865896e-11  7.784604e-11  8.851800e-11  1.064507e-10  1.414880e-10  2.076332e-10  3.207230e-10  1.168847e-09  2.179996e-09  2.566835e-09  1.788581e-09  5.561806e-10  5.416515e-10  1.145989e-09  5.976723e-10  2.013576e-10  5.825279e-11  6.393292e-11
  4.692972e-10  6.179281e-10  1.997633e-10  1.089025e-10  5.468013e-11  3.462151e-11  2.631638e-11  2.192009e-11  1.815685e-11  1.549213e-11  1.294199e-11  1.091646e-11  9.114053e-12  6.998348e-12  7.194938e-12  2.261750e-11  5.516058e-11  5.321851e-11  7.039051e-11  8.931504e-11  1.086659e-10  1.457833e-10  2.100940e-10  3.343804e-10  6.938226e-10  2.656280e-09  2.432122e-09  1.537092e-09  2.746553e-09  5.973917e-09  1.398152e-09  1.934026e-09  9.705623e-10  1.602041e-10  7.344647e-11  6.326243e-11
  2.269361e-10  2.964274e-10  9.686197e-11  4.696319e-11  2.545744e-11  1.845854e-11  1.661235e-11  1.552452e-11  1.419848e-11  1.313127e-11  1.185743e-11  1.088049e-11  9.878066e-12  8.761410e-12  8.477463e-12  3.565558e-11  4.499438e-11  5.627597e-11  8.220502e-11  1.127757e-10  1.512271e-10  2.133012e-10  3.213497e-10  5.562145e-10  5.372485e-09  6.325816e-09  4.177648e-09  3.584439e-09  4.171020e-09  5.659388e-09  1.463774e-09  2.875039e-09  4.941508e-10  1.605459e-10  6.319439e-11  6.605903e-11
  1.387826e-10  6.859789e-11  4.553419e-11  2.322288e-11  1.440504e-11  1.226113e-11  1.260873e-11  1.261624e-11  1.190741e-11  1.138112e-11  1.103562e-11  1.144165e-11  1.156050e-11  1.213568e-11  1.250950e-11  5.205058e-11  4.230889e-11  8.406427e-11  1.156463e-10  1.534213e-10  2.081329e-10  3.022893e-10  4.766989e-10  8.422198e-10  6.791499e-09  7.373329e-09  7.986006e-09  8.715823e-09  7.207827e-09  7.385883e-09  1.587540e-09  1.699321e-09  2.391313e-10  1.552369e-10  4.848191e-11  4.692526e-11
  8.007682e-11  3.285158e-11  2.406001e-11  1.234103e-11  9.335741e-12  9.370927e-12  9.882747e-12  1.004167e-11  9.794323e-12  9.817067e-12  1.058020e-11  1.237882e-11  1.512075e-11  2.002804e-11  2.402788e-11  4.714259e-11  9.690995e-11  1.076867e-10  1.543171e-10  2.016680e-10  2.771432e-10  4.135099e-10  6.403338e-10  1.092058e-09  6.726598e-09  8.146834e-09  1.216551e-08  1.401607e-08  8.481600e-09  4.605035e-09  1.106587e-09  4.613071e-10  2.146425e-10  1.557290e-10  4.447042e-11  3.631154e-11
  4.485839e-11  1.672484e-11  1.197498e-11  7.161559e-12  6.633274e-12  7.157441e-12  7.604638e-12  7.820509e-12  8.120593e-12  8.929450e-12  1.063993e-11  1.395498e-11  2.023613e-11  3.174403e-11  4.284132e-11  5.350375e-11  7.395852e-11  2.450487e-10  1.687184e-10  2.311969e-10  3.500337e-10  5.245399e-10  7.750690e-10  1.170820e-09  3.386941e-09  5.534403e-09  8.081620e-09  7.731868e-09  5.556270e-09  1.725451e-09  7.109569e-10  1.860305e-10  2.319523e-10  1.593854e-10  4.896347e-11  2.509835e-11
  2.269185e-11  8.770351e-12  6.854466e-12  4.916618e-12  4.982651e-12  5.339301e-12  5.761891e-12  6.095502e-12  6.745310e-12  8.106359e-12  1.031175e-11  1.414520e-11  2.111148e-11  3.449704e-11  5.098725e-11  5.802518e-11  7.025338e-11  2.151687e-10  2.057368e-10  2.994451e-10  3.994621e-10  6.106458e-10  8.950212e-10  1.140101e-09  1.552685e-09  2.433980e-09  2.868634e-09  2.832718e-09  2.441448e-09  1.015660e-09  4.143963e-10  1.688118e-10  2.275058e-10  1.362611e-10  5.475303e-11  2.303373e-11
  1.499145e-11  5.548423e-12  6.776226e-12  3.902739e-12  4.199057e-12  4.407619e-12  4.563691e-12  4.866806e-12  5.422536e-12  6.372757e-12  7.908007e-12  1.037284e-11  1.473611e-11  2.310076e-11  3.703561e-11  5.467700e-11  6.627357e-11  9.500203e-11  2.236408e-10  4.158073e-10  3.973939e-10  5.224168e-10  8.430150e-10  9.983086e-10  1.130256e-09  1.491466e-09  1.836650e-09  1.385488e-09  1.016503e-09  5.613770e-10  2.111217e-10  1.588080e-10  1.660717e-10  1.042066e-10  4.488434e-11  2.246754e-11
  1.225717e-11  5.259912e-12  2.881642e-12  3.244198e-12  3.539714e-12  3.586000e-12  3.499545e-12  3.471466e-12  3.647998e-12  4.063173e-12  4.916484e-12  6.058234e-12  7.936023e-12  1.090572e-11  1.571818e-11  2.502315e-11  4.203562e-11  6.580076e-11  1.483283e-10  2.496166e-10  4.732278e-10  3.466010e-10  5.372867e-10  5.608508e-10  6.287542e-10  7.613759e-10  7.959911e-10  6.436156e-10  3.697632e-10  1.915092e-10  9.291890e-11  1.123601e-10  9.343503e-11  6.583438e-11  3.621876e-11  1.930001e-11
  1.140447e-11  4.155462e-12  2.607029e-12  2.548104e-12  2.429901e-12  2.187057e-12  1.985172e-12  1.902131e-12  1.964731e-12  2.231570e-12  2.619735e-12  3.117032e-12  3.799714e-12  4.657055e-12  5.867683e-12  8.057671e-12  1.473791e-11  3.546634e-11  8.784562e-11  1.141078e-10  2.567676e-10  1.861413e-10  2.158085e-10  1.960212e-10  2.383918e-10  2.645849e-10  2.778851e-10  2.146724e-10  1.237442e-10  1.273364e-10  3.928079e-11  4.790301e-11  4.587278e-11  3.825125e-11  2.761622e-11  1.616571e-11
  9.142547e-12  3.760771e-12  2.480573e-12  2.146312e-12  1.775135e-12  1.637561e-12  1.484327e-12  1.460280e-12  1.585243e-12  1.819441e-12  2.073349e-12  2.390708e-12  2.759360e-12  3.129028e-12  3.716695e-12  4.729444e-12  7.021635e-12  1.847297e-11  5.080926e-11  6.275790e-11  1.173778e-10  1.317547e-10  7.630767e-11  7.087406e-11  7.748340e-11  8.728169e-11  9.085053e-11  8.159411e-11  4.698303e-11  1.754209e-10  1.420599e-11  1.934066e-11  2.434383e-11  2.327650e-11  1.673119e-11  1.124113e-11
  7.307880e-12  3.171746e-12  2.103382e-12  1.992857e-12  1.839859e-12  1.798874e-12  1.674779e-12  1.663276e-12  1.822135e-12  2.069480e-12  2.454340e-12  2.884299e-12  3.350892e-12  3.855697e-12  4.178389e-12  4.801839e-12  5.503126e-12  1.123711e-11  3.286426e-11  4.254732e-11  5.305897e-11  6.647319e-11  3.561898e-11  3.311622e-11  3.036277e-11  2.795803e-11  3.033089e-11  4.409484e-11  2.560045e-11  2.341768e-11  8.385054e-12  9.621465e-12  1.348012e-11  1.490624e-11  1.163626e-11  8.428875e-12
  3.652916e-12  2.750926e-12  1.428308e-12  1.272668e-12  1.436738e-12  1.630056e-12  1.561883e-12  1.540431e-12  1.597199e-12  1.766457e-12  2.048163e-12  2.428434e-12  2.842301e-12  3.256377e-12  3.521140e-12  3.916362e-12  4.501286e-12  6.437096e-12  2.919669e-11  3.014306e-11  3.347596e-11  2.573510e-11  1.796176e-11  1.426380e-11  1.170604e-11  9.302937e-12  9.758249e-12  2.044922e-11  1.623254e-11  1.179561e-11  5.270014e-12  5.167745e-12  6.313357e-12  7.062034e-12  7.200091e-12  6.439997e-12
  2.763268e-12  1.852235e-12  1.256515e-12  1.298354e-12  9.955507e-13  1.317525e-12  1.340574e-12  1.354017e-12  1.342052e-12  1.397077e-12  1.534064e-12  1.744336e-12  2.011917e-12  2.244162e-12  2.450915e-12  2.783140e-12  3.591574e-12  5.332380e-12  3.550718e-11  2.760106e-11  2.690476e-11  2.510451e-11  9.808059e-12  6.766825e-12  5.704391e-12  4.581620e-12  4.352664e-12  1.307179e-11  1.322788e-11  8.238361e-12  3.245791e-12  2.851751e-12  2.908744e-12  2.964606e-12  3.215077e-12  3.651366e-12
  2.001150e-12  1.622590e-12  1.591157e-12  3.079420e-12  9.077541e-13  1.057642e-12  1.226583e-12  1.313261e-12  1.313026e-12  1.256723e-12  1.283869e-12  1.336399e-12  1.444430e-12  1.568218e-12  1.741108e-12  2.085892e-12  2.853050e-12  5.303779e-12  3.352577e-11  4.450670e-11  2.314895e-11  2.058727e-11  6.155215e-12  4.662334e-12  4.156132e-12  3.432280e-12  2.957963e-12  9.672386e-12  1.421195e-11  6.927317e-12  3.066179e-12  1.953348e-12  1.735005e-12  1.543669e-12  1.542920e-12  1.820339e-12
  1.363029e-12  1.754472e-12  2.657112e-12  3.453439e-12  1.132414e-12  9.347904e-13  1.141599e-12  1.302749e-12  1.363007e-12  1.294658e-12  1.230524e-12  1.175161e-12  1.170512e-12  1.184912e-12  1.257664e-12  1.430464e-12  1.941722e-12  3.874254e-12  2.897436e-11  1.214915e-10  2.582786e-11  1.723689e-11  6.604104e-12  4.129809e-12  3.408179e-12  2.894184e-12  2.435025e-12  7.678808e-12  1.177198e-11  7.615983e-12  6.121514e-12  1.721550e-12  1.309390e-12  1.072537e-12  9.751552e-13  1.058615e-12
  1.116604e-12  3.058511e-12  4.211687e-12  7.070745e-12  1.449351e-12  1.093403e-12  1.235078e-12  1.401424e-12  1.497458e-12  1.439274e-12  1.313340e-12  1.193883e-12  1.129425e-12  1.035186e-12  9.917232e-13  9.710784e-13  1.187831e-12  2.142623e-12  2.183883e-11  2.317933e-10  4.071794e-11  2.076054e-11  8.471080e-12  4.691198e-12  3.091895e-12  2.373125e-12  2.138437e-12  4.539553e-12  1.107394e-11  7.827832e-12  2.452240e-11  1.806343e-12  1.181368e-12  9.202918e-13  7.871042e-13  8.106893e-13
  9.938874e-13  9.406083e-12  4.326598e-12  6.460068e-12  1.894599e-12  1.468363e-12  1.388526e-12  1.516547e-12  1.623145e-12  1.571729e-12  1.436100e-12  1.308064e-12  1.202863e-12  1.076159e-12  9.548434e-13  8.302521e-13  8.150309e-13  1.285493e-12  1.225661e-11  3.938250e-10  6.842622e-11  2.055107e-11  1.146900e-11  6.635068e-12  3.696072e-12  2.241304e-12  1.867762e-12  3.682948e-12  9.725697e-12  9.098122e-12  5.122857e-11  2.576568e-12  1.387832e-12  9.428517e-13  7.649306e-13  7.444506e-13
  9.203658e-13  3.990066e-12  3.177054e-12  3.229619e-12  2.281407e-12  1.842986e-12  1.556085e-12  1.561871e-12  1.598696e-12  1.569535e-12  1.449753e-12  1.304300e-12  1.201270e-12  1.106622e-12  9.865956e-13  8.491851e-13  7.040638e-13  8.217489e-13  8.975233e-12  2.270865e-10  7.259405e-11  2.153024e-11  1.369675e-11  9.056141e-12  5.278710e-12  2.784545e-12  1.812427e-12  2.392279e-12  8.735998e-12  7.802734e-12  8.697119e-12  3.363798e-12  1.896977e-12  1.193456e-12  8.753931e-13  7.777393e-13
  1.020129e-12  1.573890e-12  2.062737e-12  2.867265e-12  2.447710e-12  1.936528e-12  1.669919e-12  1.557571e-12  1.447714e-12  1.394220e-12  1.287606e-12  1.155836e-12  1.050140e-12  9.935853e-13  9.227945e-13  8.288991e-13  6.803631e-13  6.088186e-13  3.170212e-12  1.737935e-10  6.338882e-11  2.239563e-11  1.407273e-11  9.964022e-12  6.607534e-12  3.923916e-12  2.255083e-12  2.108348e-12  5.984241e-12  6.328710e-12  6.162262e-12  3.895366e-12  2.596172e-12  1.759494e-12  1.273001e-12  1.031542e-12
  1.289079e-12  1.499346e-12  1.604362e-12  1.835099e-12  2.164657e-12  1.550648e-12  1.385211e-12  1.327592e-12  1.270466e-12  1.155712e-12  1.054583e-12  9.458591e-13  8.514475e-13  7.912954e-13  7.474647e-13  6.909566e-13  6.218638e-13  5.518773e-13  1.648272e-12  8.284187e-11  3.620053e-11  1.987186e-11  1.261047e-11  8.607271e-12  6.420349e-12  4.495144e-12  3.011521e-12  2.468681e-12  3.555351e-12  5.081668e-12  5.272800e-12  4.090652e-12  3.178098e-12  2.383683e-12  1.864207e-12  1.492401e-12
  1.500181e-12  1.403265e-12  1.415488e-12  1.530122e-12  1.661202e-12  1.281887e-12  1.189176e-12  1.096343e-12  1.082664e-12  9.652306e-13  8.519159e-13  7.608013e-13  6.916512e-13  6.295975e-13  5.834896e-13  5.469504e-13  5.189716e-13  5.078388e-13  1.058249e-12  1.228802e-11  1.852902e-11  1.455756e-11  1.037270e-11  7.387288e-12  5.567938e-12  4.324804e-12  3.411328e-12  2.764517e-12  2.876584e-12  3.389547e-12  3.621564e-12  3.387991e-12  2.858328e-12  2.386228e-12  1.973790e-12  1.716115e-12
  1.298930e-12  1.237436e-12  1.235238e-12  1.233202e-12  1.197789e-12  1.035821e-12  9.952209e-13  8.256084e-13  7.663070e-13  7.207939e-13  6.637626e-13  5.984781e-13  5.494155e-13  5.068973e-13  4.738446e-13  4.587012e-13  4.485306e-13  4.638097e-13  7.690600e-13  2.971679e-12  7.678423e-12  9.015363e-12  7.608827e-12  5.981547e-12  4.560581e-12  3.618504e-12  3.021914e-12  2.593434e-12  2.412004e-12  2.436480e-12  2.465808e-12  2.279879e-12  2.003488e-12  1.758791e-12  1.545427e-12  1.390356e-12
  8.273161e-13  8.269422e-13  8.683274e-13  8.863292e-13  8.584362e-13  7.697485e-13  7.219541e-13  6.026564e-13  5.300048e-13  5.073315e-13  4.799413e-13  4.437742e-13  4.040496e-13  3.705053e-13  3.524869e-13  3.423790e-13  3.429439e-13  3.697128e-13  5.433618e-13  9.639084e-13  2.974481e-12  4.733762e-12  4.788354e-12  3.964279e-12  3.066766e-12  2.391625e-12  1.933261e-12  1.684822e-12  1.646406e-12  1.688530e-12  1.629392e-12  1.485855e-12  1.317012e-12  1.150574e-12  1.005174e-12  8.912039e-13
  4.699389e-13  4.807420e-13  5.214670e-13  5.447975e-13  5.450835e-13  5.155537e-13  4.750023e-13  4.149115e-13  3.830640e-13  3.535620e-13  3.281219e-13  3.013496e-13  2.754609e-13  2.549568e-13  2.403615e-13  2.358167e-13  2.330488e-13  2.472968e-13  3.053761e-13  4.106300e-13  1.103603e-12  2.022044e-12  2.265958e-12  2.107354e-12  1.709118e-12  1.339892e-12  1.046983e-12  8.874802e-13  8.560109e-13  8.836978e-13  8.873397e-13  8.427079e-13  7.574062e-13  6.589188e-13  5.691694e-13  5.032851e-13
  2.632617e-13  2.647178e-13  2.857088e-13  3.105284e-13  3.115364e-13  3.009437e-13  2.811411e-13  2.620857e-13  2.423191e-13  2.222681e-13  2.034693e-13  1.878740e-13  1.726213e-13  1.608835e-13  1.519558e-13  1.449015e-13  1.447501e-13  1.509475e-13  1.713152e-13  2.382879e-13  4.654045e-13  6.605105e-13  8.383971e-13  8.556209e-13  7.949060e-13  6.583743e-13  5.335419e-13  4.539621e-13  4.273426e-13  4.283434e-13  4.345500e-13  4.202318e-13  3.793010e-13  3.344768e-13  2.994365e-13  2.751124e-13
  1.184222e-13  1.254155e-13  1.419174e-13  1.478305e-13  1.422884e-13  1.384599e-13  1.355449e-13  1.334510e-13  1.303769e-13  1.277199e-13  1.198338e-13  1.154715e-13  1.089672e-13  1.005884e-13  9.231738e-14  8.812817e-14  8.784857e-14  9.479673e-14  1.220560e-13  1.624577e-13  2.068757e-13  2.190147e-13  2.622640e-13  2.955659e-13  3.029219e-13  2.859219e-13  2.426356e-13  2.028899e-13  1.848501e-13  1.805001e-13  1.878543e-13  1.681858e-13  1.442565e-13  1.339394e-13  1.412795e-13  1.305912e-13
  1.054532e-14  9.547305e-15  9.321699e-15  1.035763e-14  1.396743e-14  2.032488e-14  2.816829e-14  3.495028e-14  3.895815e-14  4.543347e-14  5.886888e-14  7.021775e-14  7.235532e-14  6.479397e-14  5.746188e-14  5.325597e-14  5.174658e-14  5.103964e-14  4.930094e-14  4.813455e-14  4.599895e-14  4.755050e-14  6.060464e-14  7.645178e-14  7.389574e-14  5.899790e-14  3.825344e-14  2.512818e-14  2.063421e-14  1.780668e-14  1.427266e-14  1.197968e-14  1.211549e-14  1.504374e-14  1.734186e-14  1.381136e-14
