  7.090156e-12  7.313952e-12  7.365754e-12  7.982395e-12  7.749394e-12  7.225241e-12  6.900607e-12  6.379231e-12  5.098083e-12  4.218765e-12  3.790955e-12  3.502536e-12  3.155774e-12  2.742169e-12  2.478029e-12  2.189814e-12  1.887409e-12  1.592687e-12  1.474577e-12  1.728599e-12  1.977017e-12  1.697063e-12  1.406129e-12  1.560894e-12  1.822210e-12  1.949083e-12  2.595527e-12  3.164410e-12  3.489249e-12  4.047186e-12  4.579583e-12  4.798573e-12  4.988469e-12  4.967230e-12  5.193966e-12  6.026429e-12
  1.508618e-11  1.430565e-11  1.905808e-11  3.061948e-11  2.055804e-11  2.252526e-11  1.880634e-11  1.134338e-11  7.862698e-12  6.474606e-12  7.987451e-12  8.277854e-12  5.614348e-12  3.859620e-12  3.190427e-12  2.609691e-12  2.135451e-12  1.880144e-12  1.732261e-12  1.624829e-12  2.275772e-12  3.684566e-12  4.617318e-12  5.450704e-12  5.626280e-12  7.309344e-12  8.464232e-12  1.068546e-11  1.177729e-11  1.206188e-11  1.169424e-11  1.269389e-11  1.369885e-11  1.515708e-11  1.462050e-11  1.294939e-11
  2.085290e-11  2.670822e-11  4.008692e-11  4.113555e-11  3.697805e-11  2.885761e-11  1.851753e-11  1.354900e-11  1.058498e-11  9.968115e-12  1.200422e-11  1.077056e-11  8.841442e-12  5.724273e-12  3.568045e-12  3.171533e-12  2.559300e-12  1.839014e-12  1.928030e-12  2.147461e-12  2.815595e-12  4.664217e-12  5.691604e-12  9.121722e-12  1.374659e-11  1.731450e-11  2.505183e-11  3.046641e-11  2.711396e-11  3.330557e-11  3.481997e-11  3.527936e-11  3.084253e-11  2.811943e-11  2.561483e-11  2.172348e-11
  4.352183e-11  7.024111e-11  7.884006e-11  6.590853e-11  4.710018e-11  3.791028e-11  2.640368e-11  1.908822e-11  1.593802e-11  1.439856e-11  1.295421e-11  1.161323e-11  1.140061e-11  1.041581e-11  5.640804e-12  3.731631e-12  3.466603e-12  2.637720e-12  2.786170e-12  3.888975e-12  3.578022e-12  6.272777e-12  8.540652e-12  1.397494e-11  2.397371e-11  3.394157e-11  4.297517e-11  6.156877e-11  7.098064e-11  7.382731e-11  7.418052e-11  7.341590e-11  6.172703e-11  5.671118e-11  5.752452e-11  5.868568e-11
  1.639034e-10  1.767943e-10  1.544802e-10  1.202105e-10  7.451563e-11  5.122824e-11  3.651458e-11  2.740183e-11  2.110459e-11  1.779714e-11  1.493531e-11  1.344835e-11  1.097831e-11  1.138799e-11  8.475772e-12  5.097551e-12  4.665298e-12  4.089572e-12  4.412956e-12  4.897487e-12  8.080628e-12  1.068633e-11  1.412564e-11  2.162245e-11  3.462874e-11  5.621872e-11  1.065401e-10  1.666646e-10  1.649435e-10  1.166320e-10  1.216644e-10  1.309240e-10  1.089378e-10  1.018250e-10  1.521688e-10  1.623835e-10
  2.024802e-09  4.902923e-10  2.766330e-10  2.061049e-10  1.039223e-10  6.096821e-11  4.459004e-11  3.226946e-11  2.593112e-11  2.032680e-11  1.690926e-11  1.343986e-11  1.035488e-11  9.235847e-12  1.201552e-11  8.427159e-12  6.479125e-12  7.108522e-12  7.342848e-12  8.922984e-12  1.144558e-11  1.498685e-11  1.929909e-11  3.123021e-11  4.805330e-11  9.643155e-11  1.609880e-10  2.096029e-10  2.243521e-10  1.395997e-10  1.982358e-10  2.557269e-10  6.902921e-10  2.106788e-10  2.071328e-09  2.091046e-09
  8.490452e-09  2.650695e-09  4.521983e-10  3.033815e-10  1.148011e-10  7.135372e-11  4.894174e-11  3.440830e-11  2.620020e-11  2.009538e-11  1.558857e-11  1.165206e-11  9.324065e-12  7.510270e-12  9.792679e-12  9.713143e-12  1.188129e-11  1.322239e-11  1.297116e-11  1.927272e-11  2.141831e-11  2.419999e-11  2.868346e-11  4.591773e-11  6.885496e-11  1.930253e-10  1.964550e-10  2.539573e-10  2.494605e-10  2.860737e-10  3.140607e-10  1.313869e-09  5.640757e-10  1.856316e-10  3.849158e-09  1.127084e-09
  3.833216e-09  1.368607e-09  4.009039e-10  2.796250e-10  1.256808e-10  7.475341e-11  4.900683e-11  3.397772e-11  2.420063e-11  1.777941e-11  1.267667e-11  9.423052e-12  7.538351e-12  5.370353e-12  8.211061e-12  9.572797e-12  2.131054e-11  2.953736e-11  2.095932e-11  3.470838e-11  3.471939e-11  3.654265e-11  4.690724e-11  6.923731e-11  1.130031e-10  3.742643e-10  4.203876e-10  3.707050e-10  2.801345e-10  2.869104e-10  3.427897e-10  9.183122e-10  3.697047e-10  1.319902e-10  1.011181e-10  1.414659e-10
  8.565908e-10  1.001378e-09  2.951148e-10  1.649213e-10  8.781751e-11  4.597551e-11  3.150069e-11  2.358497e-11  1.738781e-11  1.329329e-11  9.964236e-12  7.582584e-12  5.753555e-12  3.936015e-12  5.445062e-12  9.729501e-12  5.575782e-11  5.364327e-11  3.486910e-11  3.913017e-11  4.294136e-11  4.935755e-11  6.430095e-11  1.123836e-10  2.070799e-10  7.558851e-10  1.729671e-09  2.456885e-09  5.111846e-10  3.931494e-10  3.261698e-10  5.670693e-10  2.610462e-10  1.194448e-10  2.905878e-11  3.152356e-11
  2.965871e-10  4.792115e-10  1.540435e-10  8.317134e-11  3.673476e-11  2.191140e-11  1.739722e-11  1.423097e-11  1.142676e-11  1.004066e-11  7.943689e-12  6.009068e-12  4.638062e-12  3.628010e-12  3.473736e-12  1.059553e-11  4.501228e-11  3.012936e-11  4.043985e-11  4.586649e-11  5.830765e-11  6.745129e-11  1.025793e-10  1.866198e-10  4.653248e-10  1.501199e-09  1.582514e-09  1.092033e-09  2.089419e-09  5.129314e-09  1.365096e-09  1.212594e-09  3.240683e-10  9.022494e-11  4.294036e-11  3.587651e-11
  1.402782e-10  2.103186e-10  7.643385e-11  3.336154e-11  1.728710e-11  1.282953e-11  1.170060e-11  1.051022e-11  9.031188e-12  8.011008e-12  6.838596e-12  5.584163e-12  4.697418e-12  4.235138e-12  4.418683e-12  1.811703e-11  3.115219e-11  3.772549e-11  4.983337e-11  5.835687e-11  7.669085e-11  9.737850e-11  1.613713e-10  3.279546e-10  3.584562e-09  3.744003e-09  2.783955e-09  2.310371e-09  2.572998e-09  3.570349e-09  1.522995e-09  2.078598e-09  2.270161e-10  1.054866e-10  4.160335e-11  4.133615e-11
  9.017264e-11  4.762860e-11  3.499327e-11  1.610574e-11  9.612170e-12  8.447104e-12  8.810494e-12  8.250661e-12  7.280560e-12  6.474711e-12  6.224406e-12  5.716085e-12  5.399092e-12  5.845150e-12  6.226066e-12  2.481049e-11  2.950945e-11  5.132776e-11  6.311407e-11  7.668130e-11  9.988922e-11  1.412643e-10  2.496776e-10  5.522276e-10  5.266517e-09  4.950790e-09  6.525167e-09  5.576444e-09  4.459733e-09  6.399503e-09  1.447223e-09  1.285400e-09  2.033869e-10  1.342304e-10  3.791471e-11  3.369590e-11
  5.407600e-11  2.850540e-11  1.588272e-11  7.652615e-12  5.970837e-12  6.167096e-12  6.563018e-12  6.325304e-12  5.732558e-12  5.448335e-12  5.753269e-12  6.125593e-12  7.269717e-12  1.008153e-11  1.213319e-11  1.999245e-11  5.499323e-11  5.836627e-11  7.422860e-11  9.888136e-11  1.339529e-10  2.024042e-10  3.625975e-10  7.588750e-10  4.962239e-09  5.387495e-09  8.865393e-09  1.060714e-08  5.976198e-09  4.040483e-09  1.071253e-09  3.350140e-10  2.128558e-10  1.413787e-10  4.756347e-11  3.033008e-11
  3.049410e-11  1.228967e-11  7.523449e-12  4.073352e-12  4.015971e-12  4.750133e-12  4.853390e-12  4.721696e-12  4.637534e-12  4.934520e-12  5.808609e-12  7.224848e-12  1.029824e-11  1.689934e-11  2.399485e-11  2.437993e-11  3.588204e-11  1.477508e-10  9.031295e-11  1.189903e-10  1.725409e-10  2.700309e-10  4.444314e-10  7.417221e-10  1.598898e-09  2.264725e-09  3.242145e-09  4.957160e-09  3.419103e-09  1.231620e-09  6.545301e-10  1.904497e-10  2.314229e-10  1.228248e-10  5.939231e-11  1.848020e-11
  1.299728e-11  5.739784e-12  3.328983e-12  2.666097e-12  2.929135e-12  3.234316e-12  3.400694e-12  3.447713e-12  3.679593e-12  4.443055e-12  5.564041e-12  7.480497e-12  1.082570e-11  1.733444e-11  2.779786e-11  3.211834e-11  3.689648e-11  9.805090e-11  1.054666e-10  1.360616e-10  2.088312e-10  3.106154e-10  5.019380e-10  6.702071e-10  7.620689e-10  1.044357e-09  1.353234e-09  1.538661e-09  1.290870e-09  6.580283e-10  3.188583e-10  1.558514e-10  1.952684e-10  9.856882e-11  5.398117e-11  1.665239e-11
  7.955959e-12  3.353513e-12  3.556539e-12  2.044813e-12  2.320769e-12  2.433904e-12  2.448271e-12  2.531076e-12  2.766856e-12  3.240386e-12  3.926850e-12  5.013791e-12  7.053030e-12  1.046521e-11  1.799282e-11  2.796722e-11  3.499985e-11  5.292319e-11  1.013673e-10  1.935102e-10  1.663385e-10  2.506390e-10  4.217667e-10  4.990565e-10  5.174333e-10  6.027339e-10  8.380592e-10  6.458236e-10  5.265332e-10  3.152089e-10  1.395624e-10  1.388153e-10  1.255971e-10  7.667041e-11  3.546898e-11  1.413578e-11
  6.583589e-12  3.395112e-12  1.690696e-12  1.756990e-12  1.761100e-12  1.913019e-12  1.793894e-12  1.684464e-12  1.748680e-12  1.898496e-12  2.230629e-12  2.622035e-12  3.367241e-12  4.478387e-12  6.543685e-12  1.129348e-11  2.149020e-11  3.378157e-11  6.481506e-11  1.035320e-10  2.058256e-10  1.499271e-10  2.310347e-10  2.402048e-10  2.606503e-10  3.061841e-10  3.378309e-10  2.765637e-10  1.798880e-10  8.001845e-11  5.077673e-11  9.200316e-11  7.022309e-11  4.736096e-11  2.584753e-11  1.207916e-11
  7.063265e-12  3.044509e-12  1.899478e-12  1.506049e-12  1.250021e-12  1.067767e-12  9.388599e-13  8.965078e-13  9.499732e-13  1.079377e-12  1.229954e-12  1.474840e-12  1.716999e-12  2.012602e-12  2.467128e-12  3.272597e-12  6.676680e-12  1.491117e-11  3.472823e-11  4.318659e-11  1.049033e-10  7.991642e-11  9.363185e-11  8.585428e-11  1.039727e-10  1.187504e-10  1.216332e-10  9.559527e-11  5.563995e-11  2.390945e-11  2.198365e-11  3.249387e-11  3.385925e-11  2.557129e-11  1.981030e-11  1.027528e-11
  6.001499e-12  3.224755e-12  1.815365e-12  1.364180e-12  1.071236e-12  8.306489e-13  6.943426e-13  7.017157e-13  7.454108e-13  8.783174e-13  9.954661e-13  1.159073e-12  1.352826e-12  1.440604e-12  1.757871e-12  2.163596e-12  3.311682e-12  8.013260e-12  1.861844e-11  2.374446e-11  4.573406e-11  3.926467e-11  3.478443e-11  3.248071e-11  3.633583e-11  4.193466e-11  4.129690e-11  3.745375e-11  1.976801e-11  1.419779e-11  8.227081e-12  1.182898e-11  1.787034e-11  1.588644e-11  1.178872e-11  7.003533e-12
  4.860029e-12  2.415492e-12  1.559012e-12  1.307395e-12  1.123401e-12  9.355230e-13  8.438484e-13  8.249901e-13  9.293882e-13  1.088927e-12  1.342691e-12  1.613696e-12  1.832333e-12  2.079373e-12  2.294765e-12  2.835402e-12  3.677652e-12  6.333465e-12  1.243971e-11  1.696618e-11  2.124518e-11  2.756701e-11  1.492761e-11  1.535715e-11  1.479629e-11  1.383302e-11  1.385834e-11  1.940517e-11  1.079077e-11  6.602006e-12  4.179661e-12  5.245056e-12  9.139245e-12  1.045130e-11  7.923791e-12  5.375604e-12
  2.583736e-12  1.883880e-12  9.985940e-13  7.439300e-13  9.223681e-13  8.449600e-13  7.892518e-13  8.168684e-13  9.154660e-13  1.159572e-12  1.449229e-12  1.765960e-12  2.094917e-12  2.504166e-12  2.911406e-12  3.592761e-12  4.758272e-12  6.052634e-12  1.504679e-11  1.428719e-11  1.390732e-11  1.134700e-11  8.451757e-12  6.810375e-12  5.945642e-12  4.956197e-12  4.754484e-12  8.323800e-12  6.471307e-12  3.454936e-12  2.239130e-12  2.748524e-12  3.901776e-12  4.441362e-12  4.562089e-12  4.087643e-12
  1.988882e-12  1.267472e-12  6.310687e-13  5.552570e-13  6.149250e-13  7.756402e-13  7.280158e-13  7.498542e-13  8.344911e-13  9.792430e-13  1.210420e-12  1.492451e-12  1.830588e-12  2.139568e-12  2.661223e-12  3.537422e-12  5.465940e-12  8.376332e-12  3.096392e-11  1.774537e-11  1.370786e-11  9.879221e-12  5.149278e-12  3.754714e-12  3.349747e-12  2.864615e-12  2.384623e-12  5.542900e-12  4.207907e-12  2.471969e-12  1.295755e-12  1.537164e-12  1.742935e-12  1.711380e-12  1.861113e-12  2.236262e-12
  1.208779e-12  9.025009e-13  5.833872e-13  6.303434e-13  5.524842e-13  7.100304e-13  7.840578e-13  7.656515e-13  8.038857e-13  8.469007e-13  9.456069e-13  1.081776e-12  1.324240e-12  1.639497e-12  2.097410e-12  3.054693e-12  5.352442e-12  1.112064e-11  4.679681e-11  4.124384e-11  1.688868e-11  1.155379e-11  3.723013e-12  3.133699e-12  2.932027e-12  2.535004e-12  1.952313e-12  3.977756e-12  3.376435e-12  2.093791e-12  1.032968e-12  1.096457e-12  1.068915e-12  9.709432e-13  9.421923e-13  1.136342e-12
  7.328437e-13  6.819963e-13  7.347122e-13  7.663557e-13  8.220472e-13  6.596525e-13  8.387988e-13  8.622035e-13  8.575494e-13  7.980751e-13  7.629569e-13  8.331943e-13  9.278288e-13  1.171673e-12  1.537692e-12  2.208038e-12  3.988932e-12  9.551224e-12  6.219578e-11  1.658373e-10  2.656655e-11  1.625186e-11  4.993402e-12  3.316701e-12  2.936812e-12  2.462887e-12  1.858994e-12  3.257332e-12  2.459874e-12  1.990935e-12  1.180524e-12  9.603963e-13  8.557158e-13  7.463455e-13  6.892354e-13  7.224172e-13
  6.533465e-13  6.221420e-13  1.024086e-12  1.024330e-12  1.094429e-12  8.579095e-13  9.980290e-13  1.035825e-12  1.034576e-12  9.127529e-13  8.068661e-13  7.881924e-13  7.864489e-13  8.514793e-13  1.003484e-12  1.362628e-12  2.248917e-12  6.127521e-12  5.539667e-11  3.675749e-10  5.337110e-11  2.786179e-11  8.638558e-12  4.286018e-12  3.148816e-12  2.446397e-12  1.936038e-12  2.110392e-12  2.811932e-12  1.826152e-12  1.717513e-12  8.962026e-13  8.204187e-13  7.442380e-13  6.491517e-13  6.312027e-13
  6.563153e-13  9.472795e-13  1.215184e-12  1.285610e-12  1.357903e-12  1.223741e-12  1.181403e-12  1.214663e-12  1.253757e-12  1.136573e-12  9.653247e-13  8.432490e-13  8.080785e-13  7.529260e-13  8.548176e-13  9.428246e-13  1.192308e-12  3.882292e-12  4.572676e-11  6.780368e-10  1.162374e-10  3.444234e-11  1.582758e-11  7.845530e-12  4.315994e-12  2.724217e-12  2.036978e-12  2.067570e-12  3.577596e-12  2.654069e-12  1.885271e-12  1.056907e-12  9.162260e-13  7.627268e-13  6.817912e-13  6.239113e-13
  6.773778e-13  9.290176e-13  1.365961e-12  1.489091e-12  1.564357e-12  1.498291e-12  1.310376e-12  1.276334e-12  1.318266e-12  1.207813e-12  1.090489e-12  9.367721e-13  8.447906e-13  7.938756e-13  8.452486e-13  8.583226e-13  7.573289e-13  1.813026e-12  5.015768e-11  4.101493e-10  1.444126e-10  4.530597e-11  2.437650e-11  1.354436e-11  7.113937e-12  3.945088e-12  2.323227e-12  2.101544e-12  4.968956e-12  3.574970e-12  2.122807e-12  1.505282e-12  1.185079e-12  8.855239e-13  7.231488e-13  6.474662e-13
  8.144095e-13  1.051444e-12  1.300837e-12  1.537260e-12  1.659357e-12  1.545723e-12  1.426160e-12  1.330957e-12  1.215867e-12  1.100544e-12  1.033875e-12  8.809395e-13  7.902143e-13  7.420144e-13  7.577768e-13  7.958082e-13  6.726302e-13  7.814051e-13  1.141170e-11  3.401689e-10  1.330988e-10  4.850916e-11  2.762848e-11  1.747387e-11  1.059375e-11  6.271997e-12  3.463782e-12  2.598498e-12  5.340455e-12  4.498163e-12  3.035951e-12  2.260939e-12  1.756822e-12  1.359099e-12  1.042267e-12  8.542473e-13
  1.249968e-12  1.387567e-12  1.316673e-12  1.381270e-12  1.724830e-12  1.277997e-12  1.203655e-12  1.200738e-12  1.131909e-12  9.906166e-13  8.676292e-13  7.445165e-13  6.720878e-13  6.188350e-13  5.646391e-13  5.985635e-13  5.904603e-13  6.119868e-13  4.191441e-12  8.361498e-11  9.018027e-11  4.452040e-11  2.614507e-11  1.640690e-11  1.115453e-11  7.552571e-12  5.285275e-12  3.990823e-12  4.757615e-12  5.498567e-12  4.391940e-12  3.278166e-12  2.650736e-12  2.101397e-12  1.755843e-12  1.500291e-12
  1.793362e-12  1.567314e-12  1.479705e-12  1.456697e-12  1.493203e-12  1.182679e-12  1.174810e-12  1.138934e-12  1.083791e-12  9.236969e-13  7.716928e-13  6.651537e-13  5.864511e-13  5.293152e-13  4.824502e-13  4.883116e-13  4.638669e-13  5.909006e-13  1.970069e-12  3.468787e-11  4.608436e-11  3.362089e-11  2.212683e-11  1.531089e-11  1.052608e-11  7.829016e-12  6.200468e-12  4.999993e-12  4.688422e-12  4.549831e-12  4.168717e-12  3.614510e-12  2.972884e-12  2.540447e-12  2.172887e-12  2.017429e-12
  1.683985e-12  1.568896e-12  1.494947e-12  1.361805e-12  1.253395e-12  1.062936e-12  1.078154e-12  8.487172e-13  8.010087e-13  7.178780e-13  6.355251e-13  5.552218e-13  4.859399e-13  4.456814e-13  4.153794e-13  4.324446e-13  4.808144e-13  5.894363e-13  1.291989e-12  7.696893e-12  1.868982e-11  2.152339e-11  1.687931e-11  1.250633e-11  9.188985e-12  6.858355e-12  5.541638e-12  4.834211e-12  4.281848e-12  4.040255e-12  3.628306e-12  2.996626e-12  2.490623e-12  2.173107e-12  1.885282e-12  1.788519e-12
  1.062270e-12  1.095439e-12  1.135810e-12  1.071434e-12  9.804494e-13  8.167410e-13  7.989530e-13  6.274494e-13  5.456819e-13  5.189260e-13  4.850753e-13  4.337810e-13  3.764439e-13  3.279521e-13  2.971884e-13  3.021820e-13  3.399244e-13  4.328593e-13  9.292280e-13  2.212563e-12  7.408982e-12  1.114717e-11  1.063102e-11  8.377837e-12  6.434429e-12  4.798853e-12  3.662307e-12  3.166608e-12  3.063231e-12  3.040325e-12  2.751769e-12  2.250730e-12  1.840811e-12  1.551494e-12  1.323994e-12  1.128833e-12
  5.817120e-13  5.897924e-13  6.215482e-13  6.286619e-13  5.934154e-13  5.246471e-13  4.874824e-13  4.069399e-13  3.854219e-13  3.582003e-13  3.033633e-13  2.546508e-13  2.190094e-13  1.953910e-13  1.801246e-13  1.824550e-13  1.816500e-13  2.103334e-13  4.063323e-13  7.424709e-13  2.352545e-12  4.412991e-12  4.762666e-12  4.242897e-12  3.441869e-12  2.669655e-12  2.110968e-12  1.718442e-12  1.640817e-12  1.664842e-12  1.588507e-12  1.341253e-12  1.137519e-12  9.018108e-13  7.225837e-13  6.389532e-13
  2.842971e-13  2.620508e-13  2.821955e-13  2.914519e-13  2.821268e-13  2.518995e-13  2.273002e-13  2.103964e-13  2.035824e-13  1.775741e-13  1.449242e-13  1.154516e-13  9.595373e-14  9.049460e-14  8.014734e-14  8.203594e-14  8.518717e-14  8.321729e-14  1.937246e-13  3.038793e-13  6.599514e-13  1.297286e-12  1.532607e-12  1.611796e-12  1.491956e-12  1.258127e-12  1.033249e-12  8.405553e-13  7.849912e-13  7.645290e-13  7.650959e-13  6.595325e-13  5.246728e-13  4.260041e-13  3.457297e-13  3.004598e-13
  1.008886e-13  1.082821e-13  1.023334e-13  9.857595e-14  8.093250e-14  7.792788e-14  7.005353e-14  7.139793e-14  6.485385e-14  6.855902e-14  5.841291e-14  5.183139e-14  4.382988e-14  3.796210e-14  3.815262e-14  3.585270e-14  3.869394e-14  4.336568e-14  9.341886e-14  1.666553e-13  2.611220e-13  3.203618e-13  4.171135e-13  4.775420e-13  4.759434e-13  4.445985e-13  3.760875e-13  3.189128e-13  2.541243e-13  2.463792e-13  2.581432e-13  2.294702e-13  1.593810e-13  1.312129e-13  1.443832e-13  1.269969e-13
  7.180661e-15  7.173901e-15  7.185935e-15  7.174433e-15  7.876655e-15  8.578218e-15  1.001931e-14  1.125298e-14  1.163163e-14  1.026563e-14  1.622504e-14  2.321981e-14  2.458191e-14  2.364443e-14  2.888957e-14  2.041836e-14  2.113999e-14  2.312428e-14  3.004531e-14  4.155509e-14  3.415426e-14  4.395452e-14  6.048475e-14  9.690050e-14  1.081794e-13  9.024083e-14  5.640306e-14  3.107876e-14  1.798273e-14  1.254006e-14  9.169209e-15  8.874384e-15  9.510303e-15  8.771121e-15  8.021787e-15  8.055610e-15
