  1.228654e-11  1.356945e-11  1.332092e-11  1.461599e-11  1.420534e-11  1.339379e-11  1.256739e-11  1.120446e-11  8.691897e-12  6.989735e-12  6.105495e-12  5.475027e-12  4.838474e-12  4.200736e-12  3.784306e-12  3.326587e-12  2.824851e-12  2.309912e-12  1.998295e-12  2.191435e-12  2.453712e-12  2.139319e-12  1.933981e-12  2.258997e-12  2.603660e-12  2.631698e-12  3.328504e-12  4.048461e-12  4.617453e-12  5.602661e-12  6.651514e-12  7.307484e-12  7.884436e-12  8.063975e-12  8.683902e-12  1.014047e-11
  2.386922e-11  2.576174e-11  4.091840e-11  8.384936e-11  3.961120e-11  5.781626e-11  4.814030e-11  2.068265e-11  1.268078e-11  9.999699e-12  1.481494e-11  1.525068e-11  8.860300e-12  5.426412e-12  4.420289e-12  3.562771e-12  2.879209e-12  2.490341e-12  2.289297e-12  2.057895e-12  2.756430e-12  4.564234e-12  5.879718e-12  6.913643e-12  7.095065e-12  8.797626e-12  1.027368e-11  1.308001e-11  1.457872e-11  1.529157e-11  1.519288e-11  1.685841e-11  1.955712e-11  2.461616e-11  2.264888e-11  1.891085e-11
  2.787473e-11  3.839309e-11  6.122623e-11  6.353861e-11  5.588708e-11  4.596613e-11  2.930766e-11  2.028888e-11  1.498431e-11  1.433047e-11  1.725651e-11  1.352705e-11  1.092672e-11  7.032803e-12  4.538272e-12  4.043613e-12  3.293890e-12  2.459553e-12  2.487765e-12  2.690126e-12  3.456081e-12  5.858187e-12  7.368628e-12  1.126337e-11  1.656867e-11  2.054712e-11  3.014959e-11  3.779606e-11  3.451322e-11  4.058774e-11  4.195993e-11  4.224755e-11  3.797527e-11  3.558658e-11  3.167766e-11  2.747461e-11
  5.238310e-11  8.406728e-11  9.862808e-11  8.455099e-11  6.102336e-11  4.959345e-11  3.607426e-11  2.568892e-11  2.096266e-11  1.841684e-11  1.650479e-11  1.432230e-11  1.403116e-11  1.266651e-11  7.295771e-12  5.550277e-12  5.234958e-12  3.944185e-12  3.856062e-12  4.794461e-12  4.504454e-12  7.857308e-12  1.086084e-11  1.740538e-11  2.872381e-11  3.943440e-11  5.067355e-11  7.873271e-11  9.837386e-11  9.458379e-11  8.779386e-11  8.654064e-11  7.205117e-11  6.674188e-11  6.729170e-11  6.859396e-11
  1.886107e-10  2.010619e-10  1.758726e-10  1.405796e-10  8.909888e-11  6.276333e-11  4.591279e-11  3.426921e-11  2.619563e-11  2.186620e-11  1.823313e-11  1.619427e-11  1.338514e-11  1.395924e-11  1.199378e-11  9.177224e-12  8.238133e-12  6.724472e-12  6.314007e-12  6.331605e-12  9.952417e-12  1.338359e-11  1.760645e-11  2.637022e-11  4.101200e-11  6.395713e-11  1.184859e-10  2.582868e-10  2.604496e-10  1.718278e-10  1.509220e-10  1.504870e-10  1.227454e-10  1.161676e-10  1.781378e-10  1.884723e-10
  2.235121e-09  5.550818e-10  3.070854e-10  2.234343e-10  1.193200e-10  7.246336e-11  5.334459e-11  3.885973e-11  3.087805e-11  2.413803e-11  2.000116e-11  1.600838e-11  1.250432e-11  1.129670e-11  2.095758e-11  1.921919e-11  1.281976e-11  1.181513e-11  1.047724e-11  1.148166e-11  1.438740e-11  1.859055e-11  2.369958e-11  3.711015e-11  5.613482e-11  1.081220e-10  1.727482e-10  2.477794e-10  2.849110e-10  1.693473e-10  2.190709e-10  2.833260e-10  7.686890e-10  2.368311e-10  2.453759e-09  2.219128e-09
  8.887752e-09  2.873075e-09  4.922779e-10  3.170434e-10  1.317155e-10  8.253766e-11  5.716975e-11  4.052280e-11  3.070458e-11  2.339724e-11  1.821297e-11  1.373053e-11  1.102449e-11  9.232528e-12  1.297579e-11  1.755417e-11  2.285161e-11  2.127280e-11  1.780181e-11  2.394270e-11  2.571055e-11  2.879504e-11  3.488694e-11  5.392659e-11  7.924201e-11  2.089594e-10  2.096676e-10  2.716397e-10  2.834988e-10  3.172809e-10  3.432788e-10  1.444730e-09  6.112477e-10  2.066233e-10  4.396530e-09  1.234962e-09
  4.358727e-09  1.499514e-09  4.452213e-10  3.010869e-10  1.436689e-10  8.524209e-11  5.658283e-11  3.908623e-11  2.779204e-11  2.032415e-11  1.457431e-11  1.095506e-11  8.828773e-12  6.527019e-12  1.007207e-11  1.411305e-11  3.483365e-11  4.640964e-11  2.818244e-11  4.155954e-11  4.096402e-11  4.350335e-11  5.547222e-11  8.003661e-11  1.284747e-10  4.050958e-10  4.446981e-10  3.918374e-10  3.078106e-10  3.150896e-10  3.776388e-10  9.869216e-10  4.004939e-10  1.446965e-10  1.162845e-10  1.567484e-10
  9.891900e-10  1.091950e-09  3.337898e-10  1.879867e-10  9.980898e-11  5.298022e-11  3.657779e-11  2.714540e-11  1.997306e-11  1.508158e-11  1.137040e-11  8.762663e-12  6.775278e-12  4.757929e-12  6.735953e-12  1.300390e-11  7.333674e-11  7.545504e-11  4.152429e-11  4.588534e-11  5.002119e-11  5.777610e-11  7.504356e-11  1.275393e-10  2.349310e-10  8.521009e-10  1.889566e-09  2.540164e-09  7.054214e-10  4.319128e-10  3.628337e-10  6.128053e-10  2.847050e-10  1.315538e-10  3.223342e-11  3.509947e-11
  3.329887e-10  5.339212e-10  1.745591e-10  9.425174e-11  4.192414e-11  2.531582e-11  2.004737e-11  1.633734e-11  1.317937e-11  1.145529e-11  9.139017e-12  7.011866e-12  5.540960e-12  4.386092e-12  4.161570e-12  1.289823e-11  5.541189e-11  3.741949e-11  4.620940e-11  5.283574e-11  6.693245e-11  7.934893e-11  1.188887e-10  2.136604e-10  5.335263e-10  1.734756e-09  1.806114e-09  1.181226e-09  2.342981e-09  5.496615e-09  1.444111e-09  1.296699e-09  3.631704e-10  9.955627e-11  4.744327e-11  3.975582e-11
  1.560633e-10  2.329820e-10  8.675151e-11  3.760995e-11  1.962946e-11  1.458271e-11  1.327502e-11  1.193362e-11  1.036004e-11  9.265883e-12  7.920360e-12  6.529478e-12  5.622058e-12  5.092133e-12  5.162965e-12  2.085355e-11  3.756016e-11  4.263182e-11  5.619263e-11  6.705148e-11  8.904163e-11  1.148021e-10  1.875181e-10  3.755751e-10  3.984789e-09  4.329027e-09  3.099423e-09  2.653065e-09  2.944910e-09  4.161165e-09  1.602357e-09  2.289642e-09  2.655931e-10  1.140859e-10  4.522923e-11  4.521245e-11
  9.727343e-11  5.293441e-11  3.960250e-11  1.821546e-11  1.086346e-11  9.509600e-12  9.911005e-12  9.376531e-12  8.372970e-12  7.514792e-12  7.183954e-12  6.648517e-12  6.403738e-12  6.847880e-12  7.136350e-12  2.824983e-11  3.431480e-11  5.802612e-11  7.166067e-11  8.857783e-11  1.160941e-10  1.657149e-10  2.885285e-10  6.236799e-10  5.802305e-09  5.565135e-09  7.102430e-09  6.356235e-09  5.095985e-09  6.899247e-09  1.557459e-09  1.405585e-09  2.232944e-10  1.398284e-10  4.044524e-11  3.613228e-11
  5.832203e-11  3.163977e-11  1.816345e-11  8.702245e-12  6.735963e-12  6.886668e-12  7.389818e-12  7.190087e-12  6.584200e-12  6.270554e-12  6.594450e-12  7.059185e-12  8.398841e-12  1.144794e-11  1.370587e-11  2.267692e-11  6.204068e-11  6.618697e-11  8.489895e-11  1.139445e-10  1.558147e-10  2.369795e-10  4.145812e-10  8.515581e-10  5.557989e-09  5.992048e-09  9.743470e-09  1.179383e-08  6.679854e-09  4.418782e-09  1.124886e-09  3.723454e-10  2.200634e-10  1.472112e-10  4.986521e-11  3.234795e-11
  3.319700e-11  1.390423e-11  8.628261e-12  4.663152e-12  4.526356e-12  5.305897e-12  5.481105e-12  5.379158e-12  5.270464e-12  5.618116e-12  6.600640e-12  8.214499e-12  1.168306e-11  1.907371e-11  2.719152e-11  2.792109e-11  3.952789e-11  1.618299e-10  1.036009e-10  1.370185e-10  2.002907e-10  3.115186e-10  5.075386e-10  8.407749e-10  1.912242e-09  2.697649e-09  3.860761e-09  5.683960e-09  3.891130e-09  1.360171e-09  6.966651e-10  2.008233e-10  2.388908e-10  1.311903e-10  6.085011e-11  2.052937e-11
  1.496444e-11  6.646951e-12  3.869081e-12  3.074790e-12  3.315749e-12  3.643895e-12  3.845778e-12  3.906106e-12  4.142981e-12  5.000946e-12  6.280673e-12  8.471352e-12  1.231847e-11  1.989024e-11  3.169016e-11  3.620018e-11  4.022168e-11  1.125746e-10  1.202762e-10  1.577468e-10  2.395454e-10  3.567638e-10  5.710070e-10  7.611509e-10  8.873762e-10  1.224048e-09  1.553228e-09  1.775755e-09  1.468355e-09  7.319057e-10  3.477158e-10  1.647203e-10  2.053940e-10  1.060640e-10  5.644267e-11  1.812216e-11
  9.411478e-12  3.897916e-12  4.168585e-12  2.347865e-12  2.630121e-12  2.751503e-12  2.780309e-12  2.861321e-12  3.113613e-12  3.653220e-12  4.449399e-12  5.727499e-12  8.100726e-12  1.216509e-11  2.084764e-11  3.213065e-11  3.896145e-11  5.809487e-11  1.157786e-10  2.211989e-10  1.954722e-10  2.909823e-10  4.858006e-10  5.773201e-10  6.025443e-10  7.113422e-10  9.786299e-10  7.616349e-10  6.046500e-10  3.571371e-10  1.553205e-10  1.481507e-10  1.346074e-10  8.262649e-11  3.782386e-11  1.562345e-11
  7.693579e-12  3.851050e-12  1.922265e-12  1.984201e-12  2.005512e-12  2.157611e-12  2.031588e-12  1.909392e-12  1.971522e-12  2.150722e-12  2.532087e-12  3.014078e-12  3.888334e-12  5.214439e-12  7.653287e-12  1.315495e-11  2.461990e-11  3.802126e-11  7.458732e-11  1.198173e-10  2.403706e-10  1.761010e-10  2.706541e-10  2.826065e-10  3.065982e-10  3.630915e-10  4.032251e-10  3.296745e-10  2.087484e-10  9.438188e-11  5.759047e-11  9.885156e-11  7.604839e-11  5.128338e-11  2.779362e-11  1.332510e-11
  7.944911e-12  3.355174e-12  2.088875e-12  1.684896e-12  1.425008e-12  1.229339e-12  1.073336e-12  1.007451e-12  1.060373e-12  1.201954e-12  1.379184e-12  1.664295e-12  1.949118e-12  2.302362e-12  2.833397e-12  3.771217e-12  7.659995e-12  1.732948e-11  4.046960e-11  5.078175e-11  1.232019e-10  9.253666e-11  1.087748e-10  1.003931e-10  1.207175e-10  1.385432e-10  1.450990e-10  1.131770e-10  6.546796e-11  3.178687e-11  2.416963e-11  3.546327e-11  3.683829e-11  2.795043e-11  2.133175e-11  1.128583e-11
  6.603625e-12  3.403367e-12  1.964039e-12  1.498852e-12  1.201482e-12  9.525089e-13  7.956841e-13  7.863101e-13  8.241862e-13  9.648532e-13  1.098827e-12  1.283077e-12  1.501584e-12  1.619129e-12  1.975914e-12  2.439957e-12  3.690833e-12  9.110546e-12  2.194859e-11  2.782646e-11  5.349668e-11  4.949021e-11  4.018426e-11  3.771776e-11  4.201434e-11  4.813064e-11  4.873176e-11  4.400856e-11  2.354098e-11  2.165059e-11  9.205407e-12  1.321226e-11  1.936077e-11  1.735344e-11  1.285311e-11  7.725049e-12
  5.355100e-12  2.595428e-12  1.677762e-12  1.410884e-12  1.229118e-12  1.054841e-12  9.486791e-13  9.200909e-13  1.016432e-12  1.182295e-12  1.459669e-12  1.755564e-12  2.006125e-12  2.287810e-12  2.519358e-12  3.076134e-12  3.923531e-12  6.818123e-12  1.470142e-11  1.981886e-11  2.479753e-11  3.224842e-11  1.778860e-11  1.793840e-11  1.720882e-11  1.588586e-11  1.621156e-11  2.291038e-11  1.287824e-11  8.727465e-12  4.793369e-12  5.983850e-12  1.002099e-11  1.140668e-11  8.703488e-12  5.905363e-12
  2.806978e-12  2.085031e-12  1.072336e-12  8.115711e-13  9.783861e-13  9.436828e-13  8.816387e-13  8.940503e-13  9.719330e-13  1.212230e-12  1.515060e-12  1.856445e-12  2.218059e-12  2.661159e-12  3.112961e-12  3.819461e-12  4.969676e-12  6.203611e-12  1.685525e-11  1.628415e-11  1.625062e-11  1.322891e-11  1.003882e-11  8.103668e-12  7.073553e-12  5.863706e-12  5.591591e-12  9.977877e-12  7.777585e-12  4.528684e-12  2.632279e-12  3.188992e-12  4.414956e-12  4.991959e-12  5.127458e-12  4.520444e-12
  2.203124e-12  1.404923e-12  7.067731e-13  6.122975e-13  6.595082e-13  8.504250e-13  8.025476e-13  8.094166e-13  8.613175e-13  9.851998e-13  1.213572e-12  1.515326e-12  1.879755e-12  2.231898e-12  2.805870e-12  3.762368e-12  5.788041e-12  8.549538e-12  3.144348e-11  1.933026e-11  1.544023e-11  1.125227e-11  6.201998e-12  4.568047e-12  4.145615e-12  3.560563e-12  2.905771e-12  6.616233e-12  5.064754e-12  3.135450e-12  1.545876e-12  1.823489e-12  2.040873e-12  2.010727e-12  2.170554e-12  2.532923e-12
  1.398220e-12  1.014926e-12  6.693587e-13  7.056645e-13  5.948142e-13  7.538746e-13  8.477426e-13  8.309851e-13  8.555113e-13  8.594379e-13  9.464568e-13  1.088120e-12  1.346784e-12  1.686237e-12  2.225489e-12  3.304877e-12  5.865188e-12  1.178032e-11  4.488008e-11  4.200550e-11  1.802656e-11  1.269187e-11  4.517415e-12  3.913907e-12  3.763928e-12  3.292489e-12  2.481709e-12  4.761437e-12  4.011134e-12  2.562639e-12  1.246001e-12  1.326876e-12  1.297406e-12  1.189979e-12  1.149485e-12  1.350842e-12
  8.947960e-13  7.759202e-13  8.372332e-13  8.689965e-13  9.215767e-13  7.194749e-13  9.037258e-13  9.420745e-13  9.246442e-13  8.495905e-13  7.940696e-13  8.651123e-13  9.754288e-13  1.211845e-12  1.648870e-12  2.455077e-12  4.589046e-12  1.078496e-11  5.875132e-11  1.595181e-10  2.749881e-11  1.743938e-11  6.021658e-12  4.225718e-12  3.872845e-12  3.331340e-12  2.487673e-12  3.957636e-12  2.913691e-12  2.442296e-12  1.474581e-12  1.196550e-12  1.080402e-12  9.573471e-13  8.847355e-13  9.110948e-13
  8.328838e-13  7.094779e-13  1.171732e-12  1.172196e-12  1.245841e-12  9.843935e-13  1.103337e-12  1.140916e-12  1.139428e-12  1.005345e-12  8.844625e-13  8.520348e-13  8.496701e-13  9.182273e-13  1.080232e-12  1.530334e-12  2.729831e-12  7.431771e-12  5.403443e-11  3.460347e-10  5.575284e-11  3.088223e-11  1.034322e-11  5.496051e-12  4.222190e-12  3.406159e-12  2.698912e-12  2.634738e-12  3.355854e-12  2.278593e-12  2.091123e-12  1.154149e-12  1.066268e-12  9.800174e-13  8.590143e-13  8.290545e-13
  8.623409e-13  1.139042e-12  1.416384e-12  1.499195e-12  1.565119e-12  1.412180e-12  1.342161e-12  1.362682e-12  1.398300e-12  1.266389e-12  1.080737e-12  9.491656e-13  9.010255e-13  8.441555e-13  9.371719e-13  1.064656e-12  1.506133e-12  5.007728e-12  4.608655e-11  6.439472e-10  1.241576e-10  4.090014e-11  1.886767e-11  9.800190e-12  5.743049e-12  3.822939e-12  2.913467e-12  2.712177e-12  4.324433e-12  3.356156e-12  2.385835e-12  1.373195e-12  1.205455e-12  1.019934e-12  9.177609e-13  8.404267e-13
  9.035193e-13  1.193018e-12  1.637964e-12  1.775740e-12  1.833657e-12  1.741122e-12  1.524881e-12  1.470689e-12  1.499893e-12  1.370042e-12  1.237901e-12  1.066513e-12  9.564794e-13  8.966389e-13  9.461961e-13  9.684654e-13  9.757455e-13  2.549584e-12  5.358336e-11  4.164449e-10  1.616102e-10  5.363591e-11  2.951946e-11  1.680063e-11  9.258955e-12  5.425058e-12  3.330835e-12  2.920508e-12  6.043729e-12  4.522345e-12  2.717252e-12  1.954370e-12  1.561116e-12  1.186512e-12  9.789704e-13  8.777332e-13
  1.076374e-12  1.333600e-12  1.636407e-12  1.885982e-12  1.986925e-12  1.817470e-12  1.689849e-12  1.568589e-12  1.421125e-12  1.283532e-12  1.197323e-12  1.023376e-12  9.167786e-13  8.502835e-13  8.552466e-13  8.921603e-13  8.428393e-13  1.202846e-12  1.582826e-11  3.953771e-10  1.681468e-10  6.222265e-11  3.524111e-11  2.228651e-11  1.377698e-11  8.427523e-12  4.831884e-12  3.622127e-12  6.926454e-12  5.801754e-12  3.904602e-12  2.935317e-12  2.302601e-12  1.797630e-12  1.385767e-12  1.140362e-12
  1.624176e-12  1.772608e-12  1.628239e-12  1.684795e-12  2.132291e-12  1.537427e-12  1.463379e-12  1.455949e-12  1.358896e-12  1.181939e-12  1.034101e-12  8.955373e-13  8.043802e-13  7.266018e-13  6.549128e-13  6.786317e-13  7.255326e-13  9.552640e-13  7.392949e-12  1.393248e-10  1.306121e-10  6.272658e-11  3.564248e-11  2.207321e-11  1.514677e-11  1.025218e-11  7.242155e-12  5.519479e-12  6.478343e-12  7.279191e-12  5.731074e-12  4.329436e-12  3.511583e-12  2.790170e-12  2.330424e-12  1.965739e-12
  2.361904e-12  2.027043e-12  1.869872e-12  1.825424e-12  1.944593e-12  1.472475e-12  1.460357e-12  1.428436e-12  1.337453e-12  1.137037e-12  9.474271e-13  8.173371e-13  7.227862e-13  6.508088e-13  5.842947e-13  5.749638e-13  5.812748e-13  8.873900e-13  4.134032e-12  9.308469e-11  7.829903e-11  5.178249e-11  3.249066e-11  2.185272e-11  1.490399e-11  1.103621e-11  8.693106e-12  6.935508e-12  6.412083e-12  6.068919e-12  5.494167e-12  4.863231e-12  4.001216e-12  3.423469e-12  2.919515e-12  2.698134e-12
  2.294813e-12  2.110427e-12  1.969382e-12  1.776371e-12  1.631078e-12  1.370417e-12  1.378343e-12  1.079456e-12  1.009761e-12  9.056960e-13  8.035745e-13  6.940790e-13  6.086243e-13  5.588866e-13  5.204973e-13  5.402343e-13  6.185375e-13  8.650686e-13  2.476971e-12  1.834774e-11  3.354994e-11  3.509405e-11  2.634372e-11  1.901037e-11  1.367553e-11  1.015206e-11  8.099852e-12  6.944499e-12  6.052296e-12  5.592592e-12  4.988255e-12  4.127852e-12  3.424955e-12  2.987717e-12  2.593077e-12  2.442594e-12
  1.496089e-12  1.521295e-12  1.551680e-12  1.445753e-12  1.316545e-12  1.096407e-12  1.056140e-12  8.225473e-13  7.055981e-13  6.667332e-13  6.234809e-13  5.537710e-13  4.821036e-13  4.238380e-13  3.859252e-13  3.951867e-13  4.608760e-13  6.455271e-13  1.633823e-12  4.526974e-12  1.364821e-11  1.910013e-11  1.743182e-11  1.338654e-11  1.005934e-11  7.430745e-12  5.629223e-12  4.787271e-12  4.539519e-12  4.424501e-12  3.956110e-12  3.220242e-12  2.631364e-12  2.214334e-12  1.890434e-12  1.606574e-12
  8.431216e-13  8.453668e-13  8.796406e-13  8.747726e-13  8.162137e-13  7.238213e-13  6.675693e-13  5.523563e-13  5.140502e-13  4.732868e-13  4.026782e-13  3.375353e-13  2.916407e-13  2.626529e-13  2.439174e-13  2.489358e-13  2.578942e-13  3.259464e-13  6.966637e-13  1.411664e-12  4.382943e-12  7.788235e-12  8.148306e-12  7.077033e-12  5.634539e-12  4.295795e-12  3.357763e-12  2.703783e-12  2.539080e-12  2.522134e-12  2.369214e-12  1.988770e-12  1.671749e-12  1.324362e-12  1.062869e-12  9.324533e-13
  4.259764e-13  3.908125e-13  4.129034e-13  4.213243e-13  4.029520e-13  3.593163e-13  3.232767e-13  2.951959e-13  2.825663e-13  2.468736e-13  2.019091e-13  1.613311e-13  1.348507e-13  1.256984e-13  1.116332e-13  1.153247e-13  1.255002e-13  1.358658e-13  3.278032e-13  5.694512e-13  1.251637e-12  2.352803e-12  2.711971e-12  2.795717e-12  2.530870e-12  2.105537e-12  1.708562e-12  1.375241e-12  1.258091e-12  1.197867e-12  1.178488e-12  1.010934e-12  8.014883e-13  6.455379e-13  5.244240e-13  4.552194e-13
  1.552922e-13  1.638561e-13  1.580201e-13  1.511062e-13  1.235718e-13  1.175939e-13  1.065788e-13  1.075075e-13  9.659697e-14  1.004033e-13  8.523561e-14  7.573622e-14  6.362658e-14  5.415121e-14  5.379158e-14  5.289592e-14  6.082337e-14  7.651811e-14  1.705768e-13  3.143785e-13  4.898660e-13  5.972043e-13  7.608044e-13  8.571869e-13  8.492882e-13  7.814823e-13  6.469840e-13  5.316047e-13  4.195753e-13  4.011362e-13  4.134445e-13  3.606776e-13  2.519625e-13  2.085581e-13  2.256061e-13  1.962089e-13
  1.070981e-14  1.068966e-14  1.072555e-14  1.069124e-14  1.161288e-14  1.252876e-14  1.460697e-14  1.641854e-14  1.731892e-14  1.615071e-14  2.586944e-14  3.715658e-14  3.914554e-14  3.795819e-14  4.548036e-14  3.499138e-14  3.815267e-14  4.295960e-14  5.586298e-14  7.585312e-14  6.546916e-14  8.396558e-14  1.141429e-13  1.752811e-13  1.906196e-13  1.553525e-13  9.441329e-14  5.061622e-14  2.855865e-14  1.957057e-14  1.434086e-14  1.358642e-14  1.398658e-14  1.316426e-14  1.208841e-14  1.206119e-14
