  0.000000e+00  0.000000e+00  0.000000e+00  0.000000e+00  0.000000e+00  0.000000e+00  0.000000e+00  0.000000e+00  0.000000e+00  0.000000e+00  0.000000e+00  0.000000e+00  0.000000e+00  0.000000e+00  0.000000e+00  0.000000e+00  0.000000e+00  0.000000e+00  0.000000e+00  2.387492e+09  2.304040e+09  2.240227e+09  3.727465e+09  6.218490e+09  6.553280e+09  0.000000e+00  0.000000e+00  0.000000e+00  0.000000e+00  0.000000e+00  0.000000e+00  0.000000e+00  0.000000e+00  0.000000e+00  0.000000e+00  0.000000e+00
  0.000000e+00  0.000000e+00  0.000000e+00  0.000000e+00  0.000000e+00  0.000000e+00  0.000000e+00  0.000000e+00  0.000000e+00  0.000000e+00  0.000000e+00  0.000000e+00  0.000000e+00  0.000000e+00  0.000000e+00  0.000000e+00  0.000000e+00  0.000000e+00  0.000000e+00  2.226923e+09  2.181961e+09  4.228747e+09  6.608395e+09  7.558923e+09  7.448592e+09  0.000000e+00  0.000000e+00  0.000000e+00  0.000000e+00  0.000000e+00  0.000000e+00  0.000000e+00  0.000000e+00  0.000000e+00  0.000000e+00  0.000000e+00
  0.000000e+00  0.000000e+00  0.000000e+00  0.000000e+00  0.000000e+00  0.000000e+00  0.000000e+00  0.000000e+00  0.000000e+00  0.000000e+00  0.000000e+00  0.000000e+00  0.000000e+00  0.000000e+00  0.000000e+00  0.000000e+00  0.000000e+00  0.000000e+00  0.000000e+00  2.695732e+09  3.003671e+09  5.978982e+09  9.298716e+09  1.020427e+10  1.267390e+10  0.000000e+00  0.000000e+00  0.000000e+00  0.000000e+00  0.000000e+00  0.000000e+00  0.000000e+00  0.000000e+00  0.000000e+00  0.000000e+00  0.000000e+00
  0.000000e+00  0.000000e+00  0.000000e+00  0.000000e+00  0.000000e+00  0.000000e+00  0.000000e+00  0.000000e+00  0.000000e+00  0.000000e+00  0.000000e+00  0.000000e+00  0.000000e+00  0.000000e+00  0.000000e+00  0.000000e+00  0.000000e+00  0.000000e+00  0.000000e+00  4.295808e+09  4.673137e+09  7.869449e+09  1.209044e+10  1.674906e+10  2.107475e+10  0.000000e+00  0.000000e+00  0.000000e+00  0.000000e+00  0.000000e+00  0.000000e+00  0.000000e+00  0.000000e+00  0.000000e+00  0.000000e+00  0.000000e+00
  0.000000e+00  0.000000e+00  0.000000e+00  0.000000e+00  0.000000e+00  0.000000e+00  0.000000e+00  0.000000e+00  0.000000e+00  0.000000e+00  0.000000e+00  0.000000e+00  0.000000e+00  0.000000e+00  0.000000e+00  0.000000e+00  0.000000e+00  0.000000e+00  0.000000e+00  7.911708e+09  8.856978e+09  1.338918e+10  1.703303e+10  2.190527e+10  2.774621e+10  0.000000e+00  0.000000e+00  0.000000e+00  0.000000e+00  0.000000e+00  0.000000e+00  0.000000e+00  0.000000e+00  0.000000e+00  0.000000e+00  0.000000e+00
  0.000000e+00  0.000000e+00  0.000000e+00  0.000000e+00  0.000000e+00  0.000000e+00  0.000000e+00  0.000000e+00  0.000000e+00  0.000000e+00  0.000000e+00  0.000000e+00  0.000000e+00  0.000000e+00  0.000000e+00  0.000000e+00  0.000000e+00  0.000000e+00  0.000000e+00  1.388160e+10  1.476952e+10  1.739154e+10  2.066043e+10  2.569741e+10  3.449605e+10  0.000000e+00  0.000000e+00  0.000000e+00  0.000000e+00  0.000000e+00  0.000000e+00  0.000000e+00  0.000000e+00  0.000000e+00  0.000000e+00  0.000000e+00
  0.000000e+00  0.000000e+00  0.000000e+00  0.000000e+00  0.000000e+00  0.000000e+00  0.000000e+00  0.000000e+00  0.000000e+00  0.000000e+00  0.000000e+00  0.000000e+00  0.000000e+00  0.000000e+00  0.000000e+00  0.000000e+00  0.000000e+00  0.000000e+00  0.000000e+00  2.263369e+10  1.911468e+10  2.012832e+10  2.843509e+10  3.439802e+10  4.386015e+10  0.000000e+00  0.000000e+00  0.000000e+00  0.000000e+00  0.000000e+00  0.000000e+00  0.000000e+00  0.000000e+00  0.000000e+00  0.000000e+00  0.000000e+00
  0.000000e+00  0.000000e+00  0.000000e+00  0.000000e+00  0.000000e+00  0.000000e+00  0.000000e+00  0.000000e+00  0.000000e+00  0.000000e+00  0.000000e+00  0.000000e+00  0.000000e+00  0.000000e+00  0.000000e+00  0.000000e+00  0.000000e+00  0.000000e+00  0.000000e+00  3.035972e+10  2.698914e+10  3.051788e+10  3.714477e+10  4.569839e+10  6.529529e+10  0.000000e+00  0.000000e+00  0.000000e+00  0.000000e+00  0.000000e+00  0.000000e+00  0.000000e+00  0.000000e+00  0.000000e+00  0.000000e+00  0.000000e+00
  0.000000e+00  0.000000e+00  0.000000e+00  0.000000e+00  0.000000e+00  0.000000e+00  0.000000e+00  0.000000e+00  0.000000e+00  0.000000e+00  0.000000e+00  0.000000e+00  0.000000e+00  0.000000e+00  0.000000e+00  0.000000e+00  0.000000e+00  0.000000e+00  0.000000e+00  0.000000e+00  0.000000e+00  0.000000e+00  0.000000e+00  0.000000e+00  0.000000e+00  0.000000e+00  0.000000e+00  0.000000e+00  0.000000e+00  0.000000e+00  0.000000e+00  0.000000e+00  0.000000e+00  0.000000e+00  0.000000e+00  0.000000e+00
  0.000000e+00  0.000000e+00  0.000000e+00  0.000000e+00  0.000000e+00  0.000000e+00  0.000000e+00  0.000000e+00  0.000000e+00  0.000000e+00  0.000000e+00  0.000000e+00  0.000000e+00  0.000000e+00  0.000000e+00  0.000000e+00  0.000000e+00  0.000000e+00  0.000000e+00  0.000000e+00  0.000000e+00  0.000000e+00  0.000000e+00  0.000000e+00  0.000000e+00  0.000000e+00  0.000000e+00  0.000000e+00  0.000000e+00  0.000000e+00  0.000000e+00  0.000000e+00  0.000000e+00  0.000000e+00  0.000000e+00  0.000000e+00
  0.000000e+00  0.000000e+00  0.000000e+00  0.000000e+00  0.000000e+00  0.000000e+00  0.000000e+00  0.000000e+00  0.000000e+00  0.000000e+00  0.000000e+00  0.000000e+00  0.000000e+00  0.000000e+00  0.000000e+00  0.000000e+00  0.000000e+00  0.000000e+00  0.000000e+00  0.000000e+00  0.000000e+00  0.000000e+00  0.000000e+00  0.000000e+00  0.000000e+00  0.000000e+00  0.000000e+00  0.000000e+00  0.000000e+00  0.000000e+00  0.000000e+00  0.000000e+00  0.000000e+00  0.000000e+00  0.000000e+00  0.000000e+00
  0.000000e+00  0.000000e+00  0.000000e+00  0.000000e+00  0.000000e+00  0.000000e+00  0.000000e+00  0.000000e+00  0.000000e+00  0.000000e+00  0.000000e+00  0.000000e+00  0.000000e+00  0.000000e+00  0.000000e+00  0.000000e+00  0.000000e+00  0.000000e+00  0.000000e+00  0.000000e+00  0.000000e+00  0.000000e+00  0.000000e+00  0.000000e+00  0.000000e+00  0.000000e+00  0.000000e+00  0.000000e+00  0.000000e+00  0.000000e+00  0.000000e+00  0.000000e+00  0.000000e+00  0.000000e+00  0.000000e+00  0.000000e+00
  0.000000e+00  0.000000e+00  0.000000e+00  0.000000e+00  0.000000e+00  0.000000e+00  0.000000e+00  0.000000e+00  0.000000e+00  0.000000e+00  0.000000e+00  0.000000e+00  0.000000e+00  0.000000e+00  0.000000e+00  0.000000e+00  0.000000e+00  0.000000e+00  0.000000e+00  0.000000e+00  0.000000e+00  0.000000e+00  0.000000e+00  0.000000e+00  0.000000e+00  0.000000e+00  0.000000e+00  0.000000e+00  0.000000e+00  0.000000e+00  0.000000e+00  0.000000e+00  0.000000e+00  0.000000e+00  0.000000e+00  0.000000e+00
  0.000000e+00  0.000000e+00  0.000000e+00  0.000000e+00  0.000000e+00  0.000000e+00  0.000000e+00  0.000000e+00  0.000000e+00  0.000000e+00  0.000000e+00  0.000000e+00  0.000000e+00  0.000000e+00  0.000000e+00  0.000000e+00  0.000000e+00  0.000000e+00  0.000000e+00  0.000000e+00  0.000000e+00  0.000000e+00  0.000000e+00  0.000000e+00  0.000000e+00  0.000000e+00  0.000000e+00  0.000000e+00  0.000000e+00  0.000000e+00  0.000000e+00  0.000000e+00  0.000000e+00  0.000000e+00  0.000000e+00  0.000000e+00
  0.000000e+00  0.000000e+00  0.000000e+00  0.000000e+00  0.000000e+00  0.000000e+00  0.000000e+00  0.000000e+00  0.000000e+00  0.000000e+00  0.000000e+00  0.000000e+00  0.000000e+00  0.000000e+00  0.000000e+00  0.000000e+00  0.000000e+00  0.000000e+00  0.000000e+00  0.000000e+00  0.000000e+00  0.000000e+00  0.000000e+00  0.000000e+00  0.000000e+00  0.000000e+00  0.000000e+00  0.000000e+00  0.000000e+00  0.000000e+00  0.000000e+00  0.000000e+00  0.000000e+00  0.000000e+00  0.000000e+00  0.000000e+00
  0.000000e+00  0.000000e+00  0.000000e+00  0.000000e+00  0.000000e+00  0.000000e+00  0.000000e+00  0.000000e+00  0.000000e+00  0.000000e+00  0.000000e+00  0.000000e+00  0.000000e+00  0.000000e+00  0.000000e+00  0.000000e+00  0.000000e+00  0.000000e+00  0.000000e+00  0.000000e+00  0.000000e+00  0.000000e+00  0.000000e+00  0.000000e+00  0.000000e+00  0.000000e+00  0.000000e+00  0.000000e+00  0.000000e+00  0.000000e+00  0.000000e+00  0.000000e+00  0.000000e+00  0.000000e+00  0.000000e+00  0.000000e+00
  0.000000e+00  0.000000e+00  0.000000e+00  0.000000e+00  0.000000e+00  0.000000e+00  0.000000e+00  0.000000e+00  0.000000e+00  0.000000e+00  0.000000e+00  0.000000e+00  0.000000e+00  0.000000e+00  0.000000e+00  0.000000e+00  0.000000e+00  0.000000e+00  0.000000e+00  0.000000e+00  0.000000e+00  0.000000e+00  0.000000e+00  0.000000e+00  0.000000e+00  0.000000e+00  0.000000e+00  0.000000e+00  0.000000e+00  0.000000e+00  0.000000e+00  0.000000e+00  0.000000e+00  0.000000e+00  0.000000e+00  0.000000e+00
  0.000000e+00  0.000000e+00  0.000000e+00  0.000000e+00  0.000000e+00  0.000000e+00  0.000000e+00  0.000000e+00  0.000000e+00  0.000000e+00  0.000000e+00  0.000000e+00  0.000000e+00  0.000000e+00  0.000000e+00  0.000000e+00  0.000000e+00  0.000000e+00  0.000000e+00  0.000000e+00  0.000000e+00  0.000000e+00  0.000000e+00  0.000000e+00  0.000000e+00  0.000000e+00  0.000000e+00  0.000000e+00  0.000000e+00  0.000000e+00  0.000000e+00  0.000000e+00  0.000000e+00  0.000000e+00  0.000000e+00  0.000000e+00
  0.000000e+00  0.000000e+00  0.000000e+00  0.000000e+00  0.000000e+00  0.000000e+00  0.000000e+00  0.000000e+00  0.000000e+00  0.000000e+00  0.000000e+00  0.000000e+00  0.000000e+00  0.000000e+00  0.000000e+00  0.000000e+00  0.000000e+00  0.000000e+00  0.000000e+00  0.000000e+00  0.000000e+00  0.000000e+00  0.000000e+00  0.000000e+00  0.000000e+00  0.000000e+00  0.000000e+00  0.000000e+00  0.000000e+00  0.000000e+00  0.000000e+00  0.000000e+00  0.000000e+00  0.000000e+00  0.000000e+00  0.000000e+00
  0.000000e+00  0.000000e+00  0.000000e+00  0.000000e+00  0.000000e+00  0.000000e+00  0.000000e+00  0.000000e+00  0.000000e+00  0.000000e+00  0.000000e+00  0.000000e+00  0.000000e+00  0.000000e+00  0.000000e+00  0.000000e+00  0.000000e+00  0.000000e+00  0.000000e+00  0.000000e+00  0.000000e+00  0.000000e+00  0.000000e+00  0.000000e+00  0.000000e+00  0.000000e+00  0.000000e+00  0.000000e+00  0.000000e+00  0.000000e+00  0.000000e+00  0.000000e+00  0.000000e+00  0.000000e+00  0.000000e+00  0.000000e+00
  0.000000e+00  0.000000e+00  0.000000e+00  0.000000e+00  0.000000e+00  0.000000e+00  0.000000e+00  0.000000e+00  0.000000e+00  0.000000e+00  0.000000e+00  0.000000e+00  0.000000e+00  0.000000e+00  0.000000e+00  0.000000e+00  0.000000e+00  0.000000e+00  0.000000e+00  0.000000e+00  0.000000e+00  0.000000e+00  0.000000e+00  0.000000e+00  0.000000e+00  0.000000e+00  0.000000e+00  0.000000e+00  0.000000e+00  0.000000e+00  0.000000e+00  0.000000e+00  0.000000e+00  0.000000e+00  0.000000e+00  0.000000e+00
  0.000000e+00  0.000000e+00  0.000000e+00  0.000000e+00  0.000000e+00  0.000000e+00  0.000000e+00  0.000000e+00  0.000000e+00  0.000000e+00  0.000000e+00  0.000000e+00  0.000000e+00  0.000000e+00  0.000000e+00  0.000000e+00  0.000000e+00  0.000000e+00  0.000000e+00  0.000000e+00  0.000000e+00  0.000000e+00  0.000000e+00  0.000000e+00  0.000000e+00  0.000000e+00  0.000000e+00  0.000000e+00  0.000000e+00  0.000000e+00  0.000000e+00  0.000000e+00  0.000000e+00  0.000000e+00  0.000000e+00  0.000000e+00
  0.000000e+00  0.000000e+00  0.000000e+00  0.000000e+00  0.000000e+00  0.000000e+00  0.000000e+00  0.000000e+00  0.000000e+00  0.000000e+00  0.000000e+00  0.000000e+00  0.000000e+00  0.000000e+00  0.000000e+00  0.000000e+00  0.000000e+00  0.000000e+00  0.000000e+00  0.000000e+00  0.000000e+00  0.000000e+00  0.000000e+00  0.000000e+00  0.000000e+00  0.000000e+00  0.000000e+00  0.000000e+00  0.000000e+00  0.000000e+00  0.000000e+00  0.000000e+00  0.000000e+00  0.000000e+00  0.000000e+00  0.000000e+00
  0.000000e+00  0.000000e+00  0.000000e+00  0.000000e+00  0.000000e+00  0.000000e+00  0.000000e+00  0.000000e+00  0.000000e+00  0.000000e+00  0.000000e+00  0.000000e+00  0.000000e+00  0.000000e+00  0.000000e+00  0.000000e+00  0.000000e+00  0.000000e+00  0.000000e+00  0.000000e+00  0.000000e+00  0.000000e+00  0.000000e+00  0.000000e+00  0.000000e+00  0.000000e+00  0.000000e+00  0.000000e+00  0.000000e+00  0.000000e+00  0.000000e+00  0.000000e+00  0.000000e+00  0.000000e+00  0.000000e+00  0.000000e+00
  0.000000e+00  0.000000e+00  0.000000e+00  0.000000e+00  0.000000e+00  0.000000e+00  0.000000e+00  0.000000e+00  0.000000e+00  0.000000e+00  0.000000e+00  0.000000e+00  0.000000e+00  0.000000e+00  0.000000e+00  0.000000e+00  0.000000e+00  0.000000e+00  0.000000e+00  0.000000e+00  0.000000e+00  0.000000e+00  0.000000e+00  0.000000e+00  0.000000e+00  0.000000e+00  0.000000e+00  0.000000e+00  0.000000e+00  0.000000e+00  0.000000e+00  0.000000e+00  0.000000e+00  0.000000e+00  0.000000e+00  0.000000e+00
  0.000000e+00  0.000000e+00  0.000000e+00  0.000000e+00  0.000000e+00  0.000000e+00  0.000000e+00  0.000000e+00  0.000000e+00  0.000000e+00  0.000000e+00  0.000000e+00  0.000000e+00  0.000000e+00  0.000000e+00  0.000000e+00  0.000000e+00  0.000000e+00  0.000000e+00  0.000000e+00  0.000000e+00  0.000000e+00  0.000000e+00  0.000000e+00  0.000000e+00  0.000000e+00  0.000000e+00  0.000000e+00  0.000000e+00  0.000000e+00  0.000000e+00  0.000000e+00  0.000000e+00  0.000000e+00  0.000000e+00  0.000000e+00
  0.000000e+00  0.000000e+00  0.000000e+00  0.000000e+00  0.000000e+00  0.000000e+00  0.000000e+00  0.000000e+00  0.000000e+00  0.000000e+00  0.000000e+00  0.000000e+00  0.000000e+00  0.000000e+00  0.000000e+00  0.000000e+00  0.000000e+00  0.000000e+00  0.000000e+00  0.000000e+00  0.000000e+00  0.000000e+00  0.000000e+00  0.000000e+00  0.000000e+00  0.000000e+00  0.000000e+00  0.000000e+00  0.000000e+00  0.000000e+00  0.000000e+00  0.000000e+00  0.000000e+00  0.000000e+00  0.000000e+00  0.000000e+00
  0.000000e+00  0.000000e+00  0.000000e+00  0.000000e+00  0.000000e+00  0.000000e+00  0.000000e+00  0.000000e+00  0.000000e+00  0.000000e+00  0.000000e+00  0.000000e+00  0.000000e+00  0.000000e+00  0.000000e+00  0.000000e+00  0.000000e+00  0.000000e+00  0.000000e+00  0.000000e+00  0.000000e+00  0.000000e+00  0.000000e+00  0.000000e+00  0.000000e+00  0.000000e+00  0.000000e+00  0.000000e+00  0.000000e+00  0.000000e+00  0.000000e+00  0.000000e+00  0.000000e+00  0.000000e+00  0.000000e+00  0.000000e+00
  0.000000e+00  0.000000e+00  0.000000e+00  0.000000e+00  0.000000e+00  0.000000e+00  0.000000e+00  0.000000e+00  0.000000e+00  0.000000e+00  0.000000e+00  0.000000e+00  0.000000e+00  0.000000e+00  0.000000e+00  0.000000e+00  0.000000e+00  0.000000e+00  0.000000e+00  0.000000e+00  0.000000e+00  0.000000e+00  0.000000e+00  0.000000e+00  0.000000e+00  0.000000e+00  0.000000e+00  0.000000e+00  0.000000e+00  0.000000e+00  0.000000e+00  0.000000e+00  0.000000e+00  0.000000e+00  0.000000e+00  0.000000e+00
  0.000000e+00  0.000000e+00  0.000000e+00  0.000000e+00  0.000000e+00  0.000000e+00  0.000000e+00  0.000000e+00  0.000000e+00  0.000000e+00  0.000000e+00  0.000000e+00  0.000000e+00  0.000000e+00  0.000000e+00  0.000000e+00  0.000000e+00  0.000000e+00  0.000000e+00  0.000000e+00  0.000000e+00  0.000000e+00  0.000000e+00  0.000000e+00  0.000000e+00  0.000000e+00  0.000000e+00  0.000000e+00  0.000000e+00  0.000000e+00  0.000000e+00  0.000000e+00  0.000000e+00  0.000000e+00  0.000000e+00  0.000000e+00
  0.000000e+00  0.000000e+00  0.000000e+00  0.000000e+00  0.000000e+00  0.000000e+00  0.000000e+00  0.000000e+00  0.000000e+00  0.000000e+00  0.000000e+00  0.000000e+00  0.000000e+00  0.000000e+00  0.000000e+00  0.000000e+00  0.000000e+00  0.000000e+00  0.000000e+00  0.000000e+00  0.000000e+00  0.000000e+00  0.000000e+00  0.000000e+00  0.000000e+00  0.000000e+00  0.000000e+00  0.000000e+00  0.000000e+00  0.000000e+00  0.000000e+00  0.000000e+00  0.000000e+00  0.000000e+00  0.000000e+00  0.000000e+00
  0.000000e+00  0.000000e+00  0.000000e+00  0.000000e+00  0.000000e+00  0.000000e+00  0.000000e+00  0.000000e+00  0.000000e+00  0.000000e+00  0.000000e+00  0.000000e+00  0.000000e+00  0.000000e+00  0.000000e+00  0.000000e+00  0.000000e+00  0.000000e+00  0.000000e+00  0.000000e+00  0.000000e+00  0.000000e+00  0.000000e+00  0.000000e+00  0.000000e+00  0.000000e+00  0.000000e+00  0.000000e+00  0.000000e+00  0.000000e+00  0.000000e+00  0.000000e+00  0.000000e+00  0.000000e+00  0.000000e+00  0.000000e+00
  0.000000e+00  0.000000e+00  0.000000e+00  0.000000e+00  0.000000e+00  0.000000e+00  0.000000e+00  0.000000e+00  0.000000e+00  0.000000e+00  0.000000e+00  0.000000e+00  0.000000e+00  0.000000e+00  0.000000e+00  0.000000e+00  0.000000e+00  0.000000e+00  0.000000e+00  0.000000e+00  0.000000e+00  0.000000e+00  0.000000e+00  0.000000e+00  0.000000e+00  0.000000e+00  0.000000e+00  0.000000e+00  0.000000e+00  0.000000e+00  0.000000e+00  0.000000e+00  0.000000e+00  0.000000e+00  0.000000e+00  0.000000e+00
  0.000000e+00  0.000000e+00  0.000000e+00  0.000000e+00  0.000000e+00  0.000000e+00  0.000000e+00  0.000000e+00  0.000000e+00  0.000000e+00  0.000000e+00  0.000000e+00  0.000000e+00  0.000000e+00  0.000000e+00  0.000000e+00  0.000000e+00  0.000000e+00  0.000000e+00  0.000000e+00  0.000000e+00  0.000000e+00  0.000000e+00  0.000000e+00  0.000000e+00  0.000000e+00  0.000000e+00  0.000000e+00  0.000000e+00  0.000000e+00  0.000000e+00  0.000000e+00  0.000000e+00  0.000000e+00  0.000000e+00  0.000000e+00
  0.000000e+00  0.000000e+00  0.000000e+00  0.000000e+00  0.000000e+00  0.000000e+00  0.000000e+00  0.000000e+00  0.000000e+00  0.000000e+00  0.000000e+00  0.000000e+00  0.000000e+00  0.000000e+00  0.000000e+00  0.000000e+00  0.000000e+00  0.000000e+00  0.000000e+00  0.000000e+00  0.000000e+00  0.000000e+00  0.000000e+00  0.000000e+00  0.000000e+00  0.000000e+00  0.000000e+00  0.000000e+00  0.000000e+00  0.000000e+00  0.000000e+00  0.000000e+00  0.000000e+00  0.000000e+00  0.000000e+00  0.000000e+00
  0.000000e+00  0.000000e+00  0.000000e+00  0.000000e+00  0.000000e+00  0.000000e+00  0.000000e+00  0.000000e+00  0.000000e+00  0.000000e+00  0.000000e+00  0.000000e+00  0.000000e+00  0.000000e+00  0.000000e+00  0.000000e+00  0.000000e+00  0.000000e+00  0.000000e+00  0.000000e+00  0.000000e+00  0.000000e+00  0.000000e+00  0.000000e+00  0.000000e+00  0.000000e+00  0.000000e+00  0.000000e+00  0.000000e+00  0.000000e+00  0.000000e+00  0.000000e+00  0.000000e+00  0.000000e+00  0.000000e+00  0.000000e+00
