  1.942558e+10  2.547068e+10  3.307786e+10  2.879765e+10  1.858425e+10  1.502139e+10  1.265978e+10  1.047282e+10  9.053349e+09  7.988336e+09  6.701248e+09  5.613537e+09  4.575217e+09  3.826426e+09  3.553115e+09  2.980516e+09  1.856252e+09  1.547859e+09  1.148830e+09  8.292925e+08  7.974810e+08  8.974561e+08  9.918540e+08  1.444124e+09  2.266162e+09  3.525635e+09  4.918056e+09  5.245426e+09  5.069355e+09  5.403429e+09  6.853865e+09  7.801468e+09  7.809408e+09  7.384063e+09  1.080437e+10  1.450807e+10
  1.111307e+11  1.019521e+11  1.545863e+11  2.229698e+11  1.923064e+11  1.398869e+11  1.171793e+11  8.766602e+10  8.877923e+10  9.125469e+10  5.565545e+10  3.176316e+10  2.095515e+10  1.645292e+10  1.358467e+10  9.847320e+09  6.502272e+09  5.433058e+09  3.748523e+09  2.886187e+09  2.151407e+09  1.900750e+09  2.685446e+09  3.659607e+09  6.022125e+09  9.785076e+09  1.687433e+10  2.325124e+10  3.378286e+10  2.390632e+10  4.417639e+10  4.785953e+10  6.000599e+10  5.595195e+10  7.556217e+10  9.215586e+10
  2.788191e+11  1.581790e+11  1.453288e+11  1.626184e+11  1.691515e+11  1.635847e+11  1.450228e+11  1.308815e+11  1.328292e+11  1.428312e+11  1.041190e+11  5.643174e+10  4.001003e+10  3.625808e+10  3.444239e+10  2.118576e+10  2.144583e+10  1.591050e+10  1.077509e+10  8.257913e+09  6.589249e+09  6.382589e+09  7.936614e+09  1.262027e+10  2.150159e+10  3.600569e+10  4.396821e+10  7.731166e+10  1.285685e+11  1.008412e+11  1.283647e+11  1.409146e+11  1.660512e+11  1.803607e+11  2.565216e+11  2.904570e+11
  4.762978e+11  2.349226e+11  1.632650e+11  1.380748e+11  1.150279e+11  1.080991e+11  1.029954e+11  9.973563e+10  9.748227e+10  8.927924e+10  7.182849e+10  4.470460e+10  3.738208e+10  4.587422e+10  5.720780e+10  6.538362e+10  5.448233e+10  3.946362e+10  2.321106e+10  1.828319e+10  1.551186e+10  1.442079e+10  1.740402e+10  2.756522e+10  5.300922e+10  1.166690e+11  1.795829e+11  2.008254e+11  2.589680e+11  3.517404e+11  2.524176e+11  2.322226e+11  2.427578e+11  3.367870e+11  4.619156e+11  6.070683e+11
  5.705886e+11  2.714156e+11  1.475710e+11  1.006303e+11  8.775803e+10  6.897241e+10  6.356247e+10  6.390416e+10  6.199212e+10  5.964173e+10  5.398415e+10  3.759295e+10  2.470175e+10  4.512369e+10  7.454646e+10  1.771231e+11  1.497101e+11  8.808082e+10  4.882474e+10  2.850666e+10  1.752736e+10  2.336842e+10  2.691764e+10  4.129404e+10  8.434973e+10  1.851846e+11  3.373147e+11  5.199829e+11  4.145874e+11  3.958779e+11  3.595861e+11  2.933687e+11  2.737511e+11  3.745806e+11  5.520052e+11  6.006398e+11
  5.507797e+11  2.965099e+11  1.337326e+11  6.985001e+10  5.992295e+10  5.727816e+10  5.283649e+10  4.033051e+10  3.880690e+10  4.218193e+10  4.378453e+10  3.838142e+10  3.322285e+10  5.093800e+10  1.003030e+11  3.891369e+11  4.413793e+11  1.760667e+11  8.990998e+10  4.926890e+10  3.492406e+10  3.028821e+10  3.216577e+10  5.951297e+10  8.311406e+10  1.703380e+11  3.442438e+11  7.104188e+11  7.581774e+11  5.131197e+11  4.304391e+11  3.437624e+11  2.741530e+11  3.621187e+11  5.080059e+11  5.302412e+11
  5.174472e+11  3.234884e+11  1.329077e+11  5.801850e+10  4.658675e+10  4.883604e+10  3.686759e+10  2.722161e+10  2.382510e+10  2.796162e+10  3.030116e+10  2.974032e+10  4.461485e+10  6.634983e+10  1.262252e+11  3.861954e+11  6.255369e+11  2.908780e+11  1.562510e+11  8.545996e+10  5.077938e+10  3.500831e+10  3.259518e+10  5.794310e+10  8.575902e+10  1.756998e+11  3.679272e+11  5.868517e+11  6.506686e+11  5.612310e+11  4.337291e+11  3.733286e+11  4.158241e+11  4.009193e+11  4.567848e+11  5.495947e+11
  5.209182e+11  4.341785e+11  1.536290e+11  6.448100e+10  4.908643e+10  4.492321e+10  2.843399e+10  2.544137e+10  1.921705e+10  1.966019e+10  2.083125e+10  2.480947e+10  3.552227e+10  6.084057e+10  1.348033e+11  3.004766e+11  6.268651e+11  3.818739e+11  2.086234e+11  1.223995e+11  6.912219e+10  4.133136e+10  2.991427e+10  5.453618e+10  9.039772e+10  1.843004e+11  3.318388e+11  5.329809e+11  5.956601e+11  5.523723e+11  4.236414e+11  3.084852e+11  3.505061e+11  5.261108e+11  4.857847e+11  6.097278e+11
  4.028835e+11  3.206966e+11  1.553109e+11  5.722111e+10  4.185294e+10  3.696909e+10  2.729976e+10  2.241660e+10  1.757252e+10  1.453644e+10  1.496117e+10  1.826530e+10  2.735002e+10  4.487607e+10  9.246018e+10  2.046547e+11  6.386310e+11  5.935850e+11  2.884490e+11  1.648179e+11  9.108459e+10  5.376346e+10  3.496745e+10  4.884959e+10  9.403640e+10  1.946980e+11  3.388989e+11  4.861711e+11  6.011306e+11  5.471928e+11  4.271932e+11  2.572807e+11  1.730150e+11  2.565479e+11  3.039121e+11  4.508518e+11
  2.741169e+11  1.682454e+11  1.151948e+11  4.306841e+10  2.551551e+10  2.699969e+10  2.394336e+10  1.724846e+10  1.272365e+10  1.070929e+10  1.051423e+10  1.192219e+10  1.568808e+10  2.312092e+10  3.077123e+10  1.227452e+11  3.049347e+11  5.160800e+11  3.567575e+11  2.087661e+11  1.159014e+11  6.781612e+10  4.291838e+10  3.380996e+10  9.504880e+10  2.101302e+11  3.590758e+11  4.987162e+11  6.172341e+11  5.548541e+11  4.780634e+11  3.475850e+11  1.651344e+11  1.611501e+11  1.869463e+11  2.575078e+11
  2.048738e+11  1.176151e+11  8.112765e+10  3.941653e+10  2.116593e+10  1.842177e+10  1.674356e+10  1.292353e+10  9.800775e+09  8.621721e+09  8.449210e+09  9.013289e+09  1.141783e+10  1.622071e+10  2.045190e+10  6.814464e+10  1.580170e+11  3.029520e+11  3.015291e+11  2.166468e+11  1.353612e+11  8.475013e+10  5.356593e+10  3.160171e+10  9.298678e+10  2.432788e+11  4.403586e+11  5.477337e+11  6.711746e+11  5.896745e+11  5.034208e+11  5.222635e+11  2.411254e+11  1.364127e+11  1.342174e+11  1.765252e+11
  1.346302e+11  7.964033e+10  5.823279e+10  3.489459e+10  2.056158e+10  1.459677e+10  1.070403e+10  9.861508e+09  7.850083e+09  7.430926e+09  7.057526e+09  6.779688e+09  7.393799e+09  1.038672e+10  1.409176e+10  3.892992e+10  8.373061e+10  1.679607e+11  2.152959e+11  1.967520e+11  1.356152e+11  9.133631e+10  6.405010e+10  4.014220e+10  8.613905e+10  2.768208e+11  5.567029e+11  6.604756e+11  8.145397e+11  6.576091e+11  5.190523e+11  5.186901e+11  2.572174e+11  1.254519e+11  1.097580e+11  1.220633e+11
  9.258361e+10  4.843533e+10  4.225818e+10  2.717838e+10  1.773605e+10  1.273512e+10  8.048144e+09  7.648696e+09  6.250205e+09  5.805121e+09  5.553471e+09  5.123990e+09  5.196681e+09  6.912463e+09  9.613001e+09  2.112438e+10  4.699079e+10  9.881692e+10  1.419992e+11  1.609901e+11  1.239894e+11  8.668129e+10  6.658247e+10  5.894253e+10  9.007545e+10  2.861116e+11  7.237547e+11  9.763145e+11  1.082568e+12  8.074710e+11  5.199252e+11  2.976045e+11  1.495099e+11  9.731918e+10  9.594610e+10  8.687092e+10
  6.458556e+10  3.816558e+10  3.205057e+10  2.184620e+10  1.473214e+10  1.036393e+10  6.933248e+09  6.292167e+09  5.025725e+09  4.580822e+09  4.108311e+09  3.761957e+09  3.716078e+09  4.689635e+09  7.992188e+09  1.302939e+10  2.678695e+10  5.784188e+10  9.475260e+10  1.199245e+11  1.069038e+11  7.873442e+10  5.463878e+10  5.376797e+10  9.810842e+10  2.478366e+11  8.970310e+11  1.103465e+12  1.004346e+12  8.001703e+11  4.743813e+11  2.031984e+11  9.259224e+10  7.330491e+10  7.260683e+10  6.232128e+10
  4.397042e+10  3.193071e+10  2.455988e+10  1.736385e+10  1.347829e+10  9.490958e+09  7.005170e+09  5.276323e+09  4.365755e+09  3.772856e+09  3.295726e+09  2.985122e+09  2.812679e+09  3.148182e+09  5.009833e+09  7.405414e+09  1.534733e+10  3.467659e+10  6.412152e+10  8.281020e+10  8.310993e+10  6.715123e+10  4.173970e+10  4.095264e+10  7.192798e+10  1.585441e+11  5.111912e+11  8.388067e+11  7.371779e+11  6.313137e+11  4.710443e+11  1.283252e+11  8.869255e+10  7.260063e+10  5.484405e+10  4.377558e+10
  3.192907e+10  2.530523e+10  2.065128e+10  1.636637e+10  1.246452e+10  8.560788e+09  6.524488e+09  4.802972e+09  4.154180e+09  3.154009e+09  2.670040e+09  2.393049e+09  2.270744e+09  2.526606e+09  3.532080e+09  4.460147e+09  8.830119e+09  2.280836e+10  4.258647e+10  6.656692e+10  7.222754e+10  6.616042e+10  4.194631e+10  2.700095e+10  4.394408e+10  8.707722e+10  2.091579e+11  4.640296e+11  4.846664e+11  4.238610e+11  3.420173e+11  1.053315e+11  6.356575e+10  7.211644e+10  4.673664e+10  3.381121e+10
  2.259703e+10  1.794301e+10  1.457723e+10  1.379864e+10  1.061292e+10  7.342792e+09  5.978239e+09  4.470853e+09  3.932870e+09  2.734527e+09  2.115114e+09  1.977027e+09  1.853890e+09  2.095924e+09  2.520742e+09  3.370397e+09  5.183581e+09  1.541713e+10  3.099998e+10  4.335048e+10  5.279684e+10  5.847826e+10  4.900918e+10  2.360680e+10  2.980266e+10  5.455761e+10  1.089595e+11  2.177267e+11  2.694912e+11  2.570557e+11  1.914708e+11  8.331605e+10  4.122700e+10  4.425415e+10  3.520170e+10  2.695772e+10
  1.683805e+10  1.461696e+10  1.253088e+10  1.199630e+10  9.293714e+09  7.402675e+09  5.470850e+09  4.851893e+09  3.704615e+09  2.475565e+09  1.798672e+09  1.658882e+09  1.740675e+09  1.863843e+09  2.069200e+09  3.531220e+09  5.665943e+09  1.278476e+10  2.460184e+10  3.445838e+10  4.319210e+10  4.868411e+10  4.972557e+10  2.832939e+10  2.914573e+10  3.743054e+10  5.949748e+10  1.064252e+11  1.428283e+11  1.468643e+11  1.223366e+11  5.262026e+10  2.507735e+10  2.361147e+10  2.130553e+10  1.853803e+10
  1.684924e+10  1.241745e+10  1.078517e+10  1.066076e+10  8.753865e+09  6.951420e+09  5.892676e+09  4.778683e+09  3.568227e+09  2.534756e+09  1.745515e+09  1.342945e+09  1.479634e+09  1.806840e+09  2.382571e+09  3.616623e+09  7.583905e+09  1.480684e+10  2.522340e+10  3.457071e+10  4.043416e+10  3.964100e+10  3.724407e+10  2.677040e+10  2.750452e+10  3.336730e+10  3.910475e+10  5.854596e+10  8.120413e+10  7.970038e+10  6.238322e+10  3.162408e+10  1.757632e+10  1.486492e+10  1.489378e+10  1.454704e+10
  1.329223e+10  1.257969e+10  9.290391e+09  8.859003e+09  8.058139e+09  6.709896e+09  6.376316e+09  4.823672e+09  3.740944e+09  2.753381e+09  1.904084e+09  1.281621e+09  1.230737e+09  1.726448e+09  2.547874e+09  4.177288e+09  8.932290e+09  2.081918e+10  3.099039e+10  3.462724e+10  3.549221e+10  3.385114e+10  3.122147e+10  2.313785e+10  1.965429e+10  2.613425e+10  3.359115e+10  3.700988e+10  4.923400e+10  4.536442e+10  3.633143e+10  2.175096e+10  1.232629e+10  1.038422e+10  1.182464e+10  1.165595e+10
  1.078449e+10  1.051094e+10  8.083428e+09  7.434829e+09  7.052079e+09  6.453824e+09  6.391131e+09  4.926414e+09  4.089780e+09  3.064652e+09  2.227544e+09  1.497781e+09  1.229619e+09  1.764554e+09  2.647003e+09  4.518991e+09  9.673976e+09  2.736488e+10  4.621472e+10  3.973731e+10  3.592326e+10  3.310498e+10  2.857996e+10  2.150384e+10  1.712454e+10  1.951082e+10  2.344382e+10  2.668529e+10  3.170229e+10  3.014450e+10  2.407894e+10  1.727186e+10  1.099833e+10  8.528209e+09  9.806073e+09  1.009404e+10
  9.091948e+09  9.246775e+09  7.495580e+09  6.572784e+09  6.313137e+09  6.170086e+09  6.338202e+09  5.147930e+09  4.488305e+09  3.447892e+09  2.610319e+09  1.768320e+09  1.672680e+09  1.937821e+09  2.722692e+09  4.633397e+09  9.466453e+09  2.550390e+10  5.224815e+10  4.850008e+10  4.057692e+10  3.506360e+10  2.861420e+10  2.137576e+10  1.781199e+10  1.771898e+10  1.873810e+10  2.076174e+10  2.294037e+10  2.277175e+10  1.715611e+10  1.389030e+10  1.062372e+10  7.455285e+09  8.417550e+09  8.568273e+09
  7.695670e+09  8.365432e+09  7.487345e+09  5.905385e+09  5.657054e+09  5.557013e+09  6.118609e+09  5.406987e+09  4.969806e+09  4.004279e+09  2.889943e+09  2.468329e+09  2.299713e+09  2.261741e+09  2.884486e+09  4.582706e+09  8.685435e+09  2.137468e+10  4.080803e+10  5.040053e+10  4.494244e+10  3.724021e+10  2.987709e+10  2.314229e+10  1.914670e+10  1.713013e+10  1.617926e+10  1.725872e+10  1.856258e+10  1.815572e+10  1.344584e+10  1.145070e+10  9.500169e+09  7.563440e+09  7.705074e+09  7.520092e+09
  7.126125e+09  7.116656e+09  7.120805e+09  5.584890e+09  5.051684e+09  4.864622e+09  5.718525e+09  5.528565e+09  5.509616e+09  4.710055e+09  3.673499e+09  3.684280e+09  3.214071e+09  2.739398e+09  3.205332e+09  4.574293e+09  7.909205e+09  1.554858e+10  3.360856e+10  4.650540e+10  4.838921e+10  4.148813e+10  3.320585e+10  2.489877e+10  1.993702e+10  1.630991e+10  1.512049e+10  1.474914e+10  1.595368e+10  1.530500e+10  1.114169e+10  9.541369e+09  8.490239e+09  6.810135e+09  5.540849e+09  6.654412e+09
  6.447900e+09  6.620317e+09  6.919579e+09  5.506781e+09  4.660869e+09  4.303330e+09  5.196171e+09  5.576670e+09  6.104718e+09  5.905754e+09  5.231268e+09  5.164300e+09  4.275491e+09  3.549759e+09  3.698620e+09  4.694247e+09  7.348017e+09  1.418334e+10  2.922452e+10  4.407668e+10  5.142140e+10  4.745121e+10  3.678537e+10  2.624090e+10  2.046311e+10  1.650800e+10  1.497398e+10  1.447919e+10  1.457655e+10  1.355887e+10  1.127978e+10  7.532131e+09  8.567798e+09  6.235435e+09  4.726388e+09  5.843636e+09
  5.811793e+09  5.782466e+09  6.956228e+09  6.131553e+09  4.851969e+09  3.883532e+09  4.486412e+09  5.649649e+09  6.747523e+09  7.321837e+09  8.272654e+09  6.843576e+09  5.444796e+09  4.537445e+09  4.211226e+09  4.918472e+09  7.141783e+09  1.298775e+10  2.826333e+10  4.557193e+10  5.878418e+10  5.654225e+10  4.176007e+10  2.750317e+10  2.030108e+10  1.696853e+10  1.505995e+10  1.499349e+10  1.386549e+10  1.233196e+10  1.047600e+10  6.218302e+09  7.948265e+09  5.593624e+09  4.114626e+09  4.917053e+09
  5.135671e+09  5.409038e+09  6.401967e+09  6.634511e+09  5.854945e+09  4.258471e+09  4.065357e+09  5.913807e+09  7.468524e+09  8.635147e+09  1.040174e+10  8.309929e+09  6.782256e+09  5.627464e+09  4.945736e+09  5.501931e+09  7.333886e+09  1.166817e+10  2.762450e+10  5.363889e+10  7.432986e+10  6.822174e+10  4.836318e+10  3.045872e+10  1.908675e+10  1.759679e+10  1.585376e+10  1.505310e+10  1.347293e+10  1.157551e+10  1.023988e+10  5.255982e+09  7.496468e+09  4.747142e+09  2.938046e+09  3.877469e+09
  4.311097e+09  4.170320e+09  5.399262e+09  6.991695e+09  7.676049e+09  7.072982e+09  5.516876e+09  7.267743e+09  8.744759e+09  9.792556e+09  1.045103e+10  9.268661e+09  7.910955e+09  6.936507e+09  6.332251e+09  6.636586e+09  8.299834e+09  1.184091e+10  2.830107e+10  7.763966e+10  1.015532e+11  8.335419e+10  5.663467e+10  3.589789e+10  2.144172e+10  1.857973e+10  1.653470e+10  1.577721e+10  1.348347e+10  1.089292e+10  8.721758e+09  4.638894e+09  6.529636e+09  3.998874e+09  2.016338e+09  3.281441e+09
  3.344327e+09  3.197950e+09  4.285539e+09  6.611208e+09  9.373737e+09  1.251411e+10  1.207311e+10  1.210257e+10  1.118722e+10  1.101482e+10  1.075686e+10  1.027654e+10  8.767454e+09  8.415858e+09  7.745130e+09  8.410699e+09  1.022713e+10  1.490773e+10  3.238752e+10  1.384596e+11  1.549346e+11  1.058357e+11  6.774605e+10  4.275267e+10  2.719036e+10  2.336349e+10  1.880573e+10  1.706406e+10  1.380389e+10  1.053871e+10  8.617936e+09  4.034808e+09  5.429117e+09  3.441830e+09  1.486163e+09  2.494815e+09
  2.251309e+09  2.179841e+09  3.193178e+09  5.221248e+09  9.231741e+09  1.552030e+10  1.974682e+10  2.158548e+10  1.534503e+10  1.286280e+10  1.142771e+10  1.037798e+10  9.446262e+09  8.831297e+09  9.366129e+09  1.034903e+10  1.404738e+10  2.199026e+10  4.916086e+10  2.585526e+11  2.574670e+11  1.360084e+11  7.796623e+10  4.853891e+10  2.949594e+10  2.770441e+10  2.173202e+10  1.924468e+10  1.421127e+10  1.035464e+10  7.795523e+09  3.808335e+09  4.280235e+09  1.753936e+09  1.386288e+09  1.756826e+09
  1.867085e+09  1.422006e+09  2.122948e+09  3.652949e+09  6.894917e+09  1.267728e+10  1.846809e+10  2.004952e+10  1.890069e+10  1.598288e+10  1.231075e+10  1.012851e+10  9.559051e+09  9.300771e+09  1.010424e+10  1.181557e+10  1.744272e+10  2.907314e+10  6.326018e+10  3.229547e+11  2.866357e+11  1.545535e+11  8.302320e+10  4.957406e+10  2.486622e+10  1.589807e+10  1.763964e+10  1.999114e+10  1.367174e+10  9.532677e+09  6.109550e+09  3.319697e+09  3.253470e+09  8.616484e+08  1.235345e+09  1.452245e+09
  1.290474e+09  8.744689e+08  1.257714e+09  2.145644e+09  3.951527e+09  6.995113e+09  1.086019e+10  1.478173e+10  1.874165e+10  1.688901e+10  1.276159e+10  9.893684e+09  9.343453e+09  9.066394e+09  1.015477e+10  1.157805e+10  1.688915e+10  2.632798e+10  5.090574e+10  1.257854e+11  1.777336e+11  1.184610e+11  6.882800e+10  4.044239e+10  2.050701e+10  1.403673e+10  1.055786e+10  1.256526e+10  1.026486e+10  7.402260e+09  4.769755e+09  2.556696e+09  2.140551e+09  9.842594e+08  7.964857e+08  9.429825e+08
  7.829080e+08  5.172246e+08  6.711837e+08  9.638644e+08  1.751794e+09  3.108955e+09  5.094060e+09  8.547979e+09  1.386730e+10  1.434364e+10  1.107073e+10  8.168306e+09  7.452289e+09  7.550523e+09  8.250483e+09  9.225588e+09  1.132373e+10  1.609891e+10  2.422751e+10  4.038270e+10  6.790351e+10  5.322301e+10  3.695666e+10  2.298197e+10  1.345103e+10  1.107292e+10  5.193156e+09  5.957960e+09  5.529159e+09  4.497789e+09  3.136129e+09  2.234856e+09  1.794286e+09  1.413798e+09  4.814666e+08  5.759445e+08
  4.189871e+08  3.147874e+08  3.407823e+08  4.434156e+08  6.918736e+08  1.183454e+09  1.727476e+09  2.886714e+09  4.751629e+09  5.485931e+09  5.164685e+09  4.525293e+09  4.476307e+09  4.289052e+09  4.522171e+09  4.929974e+09  5.625795e+09  6.743830e+09  8.718660e+09  1.421386e+10  2.158442e+10  1.427793e+10  1.070686e+10  8.502078e+09  8.194720e+09  6.019314e+09  4.484541e+09  2.388090e+09  2.267607e+09  2.037451e+09  1.665223e+09  1.369931e+09  1.026109e+09  9.137739e+08  4.769017e+08  3.282826e+08
  1.910067e+08  1.636818e+08  1.546700e+08  1.739135e+08  2.003727e+08  2.531557e+08  3.589707e+08  5.891856e+08  9.352407e+08  1.104996e+09  1.293484e+09  1.433299e+09  1.526072e+09  1.490986e+09  1.545415e+09  1.643976e+09  1.862084e+09  2.218587e+09  2.680510e+09  3.517554e+09  3.575510e+09  2.647259e+09  2.510387e+09  2.490508e+09  2.550560e+09  2.078674e+09  1.557066e+09  7.965293e+08  7.506291e+08  7.405073e+08  7.019546e+08  6.805329e+08  4.945405e+08  4.583574e+08  3.233199e+08  1.824917e+08
  8.793018e+07  7.538004e+07  7.586755e+07  7.761401e+07  7.439891e+07  6.944890e+07  7.150773e+07  1.030189e+08  1.454665e+08  1.742996e+08  2.079897e+08  2.169912e+08  2.320684e+08  2.008370e+08  2.209418e+08  2.691704e+08  2.915281e+08  3.241024e+08  4.040022e+08  3.789243e+08  3.823254e+08  4.088182e+08  4.381881e+08  4.418151e+08  3.837641e+08  2.639255e+08  2.199869e+08  2.295650e+08  1.959637e+08  2.009991e+08  1.982903e+08  1.898087e+08  1.724073e+08  1.695181e+08  1.465233e+08  1.187282e+08
