  2.509600e-11  2.092215e-11  1.664552e-11  1.606820e-11  1.588654e-11  1.571066e-11  1.382517e-11  1.243119e-11  1.127029e-11  1.058395e-11  1.019102e-11  1.003794e-11  9.447542e-12  9.260273e-12  9.620572e-12  8.893038e-12  7.200576e-12  5.324257e-12  3.339917e-12  3.938345e-12  4.085786e-12  2.759342e-12  2.557143e-12  5.161325e-12  6.135621e-12  8.283661e-12  1.125029e-11  1.274677e-11  1.260456e-11  1.802502e-11  1.853719e-11  2.258122e-11  2.741464e-11  3.031424e-11  2.749569e-11  2.972646e-11
  6.395286e-11  4.427208e-11  4.811769e-11  5.266732e-11  3.427741e-11  2.443431e-11  2.639841e-11  2.657693e-11  2.747325e-11  3.665234e-11  3.691960e-11  2.840424e-11  1.403389e-11  8.409129e-12  9.177201e-12  8.326472e-12  6.239206e-12  5.880447e-12  4.571993e-12  4.829347e-12  4.750736e-12  5.380177e-12  2.317600e-11  1.940944e-11  1.528606e-11  2.127847e-11  2.131414e-11  4.338191e-11  3.576898e-11  4.689839e-11  6.718920e-11  8.142477e-11  1.071831e-10  9.888172e-11  9.252219e-11  1.009891e-10
  1.228705e-10  1.105163e-10  9.593998e-11  1.519485e-10  7.875349e-11  5.677723e-11  4.563271e-11  4.358591e-11  3.891818e-11  3.753110e-11  3.537511e-11  3.208616e-11  2.615391e-11  1.205563e-11  8.472862e-12  8.254046e-12  6.342960e-12  5.729914e-12  7.144447e-12  6.828911e-12  9.566015e-12  1.483925e-11  1.539022e-11  2.246542e-11  3.001827e-11  3.439841e-11  7.498220e-11  9.349790e-11  9.623409e-11  1.416406e-10  1.894538e-10  2.470352e-10  2.249518e-10  2.682637e-10  2.067077e-10  1.819552e-10
  2.237590e-10  2.128053e-10  2.084885e-10  1.950283e-10  9.312189e-11  9.377842e-11  6.581058e-11  5.652244e-11  4.761420e-11  4.046040e-11  3.345395e-11  2.894581e-11  2.820256e-11  1.843746e-11  9.884847e-12  1.354613e-11  1.831164e-11  1.229945e-11  1.143291e-11  9.296939e-12  9.914006e-12  1.378353e-11  2.585177e-11  2.917964e-11  4.462307e-11  8.371918e-11  1.378233e-10  1.574073e-10  1.874651e-10  2.746410e-10  3.742387e-10  4.641387e-10  4.919023e-10  3.883469e-10  4.676848e-10  4.637155e-10
  3.246995e-10  4.887120e-10  3.989576e-10  2.517749e-10  1.216509e-10  9.937508e-11  7.725882e-11  6.741198e-11  5.474705e-11  4.617529e-11  3.794009e-11  3.221771e-11  2.669237e-11  2.951961e-11  2.224091e-11  2.203483e-11  2.967085e-11  2.937617e-11  1.855441e-11  1.279148e-11  1.777535e-11  2.637255e-11  2.971086e-11  4.334568e-11  5.697436e-11  1.064701e-10  3.945616e-10  5.107028e-10  4.857735e-10  3.806140e-10  9.453079e-10  9.324655e-10  1.726565e-09  1.074479e-09  7.023390e-10  4.778545e-10
  1.731212e-09  1.409485e-09  7.325099e-10  3.428566e-10  1.557380e-10  1.056062e-10  8.610967e-11  6.946075e-11  5.620806e-11  4.818984e-11  3.966437e-11  3.104760e-11  2.424461e-11  1.837417e-11  2.287760e-11  3.675220e-11  3.391514e-11  4.173418e-11  2.830480e-11  2.921273e-11  2.779387e-11  3.418477e-11  4.943410e-11  5.695242e-11  6.978640e-11  1.350485e-10  5.142001e-10  5.063166e-10  3.972821e-10  2.170148e-10  6.485346e-10  2.459703e-09  8.931194e-09  1.404300e-09  1.839498e-09  1.341895e-09
  2.146447e-09  1.388221e-09  4.895655e-10  1.931355e-10  1.668683e-10  1.156069e-10  8.495087e-11  6.342408e-11  4.972204e-11  4.047892e-11  3.238405e-11  2.540053e-11  1.899907e-11  2.397634e-11  1.665016e-11  3.656106e-11  6.124164e-11  7.037495e-11  3.709104e-11  4.146496e-11  4.342621e-11  5.245134e-11  6.392426e-11  7.032922e-11  7.978898e-11  3.255203e-10  1.767490e-10  4.814833e-10  2.964642e-10  4.991628e-10  1.001498e-09  1.634613e-09  1.747436e-09  1.738720e-09  5.116659e-09  2.972027e-09
  1.634164e-09  5.861157e-10  2.218877e-10  2.528656e-10  1.366461e-10  9.223750e-11  6.706090e-11  5.265201e-11  4.021934e-11  3.130052e-11  2.400521e-11  1.975329e-11  1.353024e-11  9.622641e-12  2.858287e-11  3.423482e-11  7.173348e-11  1.402644e-10  6.766967e-11  5.457654e-11  5.266110e-11  5.496492e-11  7.191053e-11  7.235719e-11  9.805834e-11  4.326836e-10  7.304547e-10  3.024351e-10  3.557934e-10  5.442469e-10  2.071176e-09  2.720531e-09  1.305242e-09  1.287537e-09  8.554582e-10  1.205479e-09
  7.016508e-10  4.116735e-10  1.847261e-10  1.142871e-10  7.009346e-11  4.984331e-11  3.895441e-11  3.388190e-11  2.692495e-11  2.095481e-11  1.764453e-11  1.418888e-11  1.016606e-11  7.547224e-12  5.077675e-11  2.734794e-11  8.585877e-11  1.433550e-10  6.918959e-11  5.762866e-11  5.352959e-11  5.696857e-11  6.819292e-11  9.646887e-11  1.670483e-10  1.428190e-09  5.432969e-09  1.192471e-09  7.395042e-10  1.270880e-09  1.365984e-08  1.674433e-09  9.395315e-10  6.606923e-10  2.752104e-10  1.870882e-10
  2.906679e-10  2.076743e-10  1.315682e-10  5.083433e-11  2.911177e-11  2.179968e-11  1.982674e-11  1.738541e-11  1.572283e-11  1.377018e-11  1.368881e-11  1.070980e-11  7.512039e-12  6.804542e-12  9.842817e-12  2.682159e-11  6.222166e-11  6.342828e-11  6.864242e-11  7.126649e-11  5.777230e-11  6.656348e-11  8.634225e-11  1.641390e-10  3.493056e-10  1.886322e-09  9.183581e-10  6.667189e-10  9.533150e-10  1.335495e-09  1.763029e-09  2.031351e-09  1.883610e-09  5.248109e-10  3.902297e-10  3.260869e-10
  1.237939e-10  9.456606e-11  6.362548e-11  2.276138e-11  1.595422e-11  1.366688e-11  1.271109e-11  1.221634e-11  1.245834e-11  1.234416e-11  1.206560e-11  8.693315e-12  6.783990e-12  6.311375e-12  6.781704e-12  3.931342e-11  4.382920e-11  5.820565e-11  7.906529e-11  8.049075e-11  7.052405e-11  9.446725e-11  1.305939e-10  2.642289e-10  2.206733e-09  1.514609e-09  5.579110e-10  1.050853e-09  9.347976e-10  1.316847e-09  1.006485e-09  1.143637e-09  7.364212e-10  5.721972e-10  2.268724e-10  1.391355e-10
  7.098453e-11  3.046223e-11  2.911682e-11  1.592020e-11  1.123298e-11  9.960220e-12  9.054419e-12  9.030107e-12  9.788559e-12  1.115382e-11  1.096223e-11  8.502454e-12  8.484753e-12  7.939594e-12  8.902016e-12  5.022946e-11  5.624890e-11  7.518491e-11  1.244010e-10  9.177697e-11  9.637154e-11  1.231035e-10  1.708899e-10  3.450402e-10  2.555906e-09  1.082023e-09  1.102527e-09  1.230064e-09  1.038798e-09  1.178401e-09  2.001261e-09  1.157319e-09  4.116555e-10  5.592782e-10  1.985717e-10  7.520904e-11
  5.282734e-11  2.073114e-11  1.888500e-11  1.103097e-11  7.558696e-12  6.316835e-12  6.325200e-12  6.498158e-12  7.368311e-12  8.821942e-12  9.704144e-12  1.071434e-11  1.109754e-11  1.196317e-11  1.694618e-11  2.699493e-11  1.217203e-10  8.042487e-11  9.696519e-11  1.262547e-10  1.221353e-10  1.391883e-10  2.142406e-10  3.437401e-10  1.053191e-09  9.229210e-10  2.166166e-09  2.510892e-09  1.901925e-09  3.712306e-09  9.949985e-10  1.168972e-09  5.186672e-10  5.058646e-10  1.557842e-10  1.058653e-10
  2.864070e-11  1.409429e-11  1.555481e-11  7.273603e-12  4.566344e-12  3.852061e-12  3.863951e-12  4.508825e-12  5.589446e-12  7.568971e-12  1.145830e-11  1.546330e-11  1.881264e-11  2.271975e-11  3.021201e-11  5.368342e-11  1.274638e-10  2.029451e-10  6.413298e-11  1.366201e-10  1.586971e-10  1.779757e-10  2.421934e-10  3.362878e-10  8.975651e-10  1.914070e-09  1.175440e-09  2.310576e-09  2.415726e-09  1.936310e-09  1.129617e-09  2.825043e-10  4.718694e-10  6.433172e-10  1.393786e-10  9.524543e-11
  2.930685e-11  1.239002e-11  1.495950e-11  5.018874e-12  3.214386e-12  2.706772e-12  2.784937e-12  3.188602e-12  4.302170e-12  6.643859e-12  1.053585e-11  1.611972e-11  2.297346e-11  2.871886e-11  3.849379e-11  5.025775e-11  6.372098e-11  1.529989e-10  1.207081e-10  1.515781e-10  2.012983e-10  2.436545e-10  2.978782e-10  3.859225e-10  7.693402e-10  8.223371e-10  1.234259e-09  1.334784e-09  2.193618e-09  7.501188e-10  6.438615e-10  1.889692e-10  5.188630e-10  5.029301e-10  1.184848e-10  7.381810e-11
  2.495484e-11  9.277100e-12  7.778323e-12  3.868241e-12  2.711167e-12  2.299352e-12  2.215150e-12  2.582361e-12  3.789641e-12  6.269318e-12  9.959148e-12  1.302527e-11  1.510298e-11  1.912683e-11  2.702520e-11  3.883618e-11  5.254421e-11  6.797113e-11  1.389049e-10  1.710073e-10  1.766638e-10  3.001986e-10  4.003093e-10  4.551363e-10  4.772316e-10  6.395376e-10  9.315669e-10  9.294330e-10  1.470974e-09  6.712872e-10  2.533198e-10  1.783643e-10  3.147924e-10  2.004968e-10  8.899981e-11  4.739818e-11
  1.645648e-11  8.111883e-12  3.830535e-12  2.504739e-12  2.008450e-12  1.976595e-12  2.553105e-12  3.538258e-12  4.938684e-12  6.648917e-12  8.382346e-12  8.231991e-12  9.025613e-12  1.178765e-11  1.771328e-11  2.703057e-11  3.948201e-11  4.854725e-11  9.384292e-11  1.472301e-10  3.569071e-10  2.404975e-10  3.492638e-10  3.825416e-10  3.889175e-10  4.075725e-10  4.427584e-10  6.281212e-10  5.220646e-10  3.130109e-10  1.479726e-10  2.171944e-10  1.486915e-10  1.054233e-10  5.273406e-11  3.449378e-11
  8.976924e-12  6.621175e-12  2.318026e-12  1.687926e-12  1.420935e-12  1.245830e-12  1.298816e-12  1.542365e-12  1.770164e-12  2.013864e-12  2.470324e-12  2.838270e-12  3.658625e-12  5.008981e-12  7.303641e-12  1.177931e-11  1.810500e-11  2.933129e-11  8.569993e-11  1.379594e-10  2.067812e-10  2.512536e-10  3.354598e-10  2.669760e-10  1.778201e-10  1.590127e-10  1.946375e-10  3.700380e-10  3.338083e-10  1.144985e-10  1.068427e-10  1.050355e-10  7.242606e-11  4.728660e-11  2.663441e-11  1.271239e-11
  8.831962e-12  4.292636e-12  2.026400e-12  2.073344e-12  1.060700e-12  1.147024e-12  9.541263e-13  9.935587e-13  1.045947e-12  1.213248e-12  1.400914e-12  1.798526e-12  2.707693e-12  4.381594e-12  6.805604e-12  9.734740e-12  1.306448e-11  2.090524e-11  6.190899e-11  1.231761e-10  1.203525e-10  3.021102e-10  1.375351e-10  1.335880e-10  1.389017e-10  1.159257e-10  1.208439e-10  2.007209e-10  2.104240e-10  8.280074e-11  3.328883e-11  4.209255e-11  3.904337e-11  2.889546e-11  1.656581e-11  9.086281e-12
  7.642552e-12  3.458783e-12  2.138633e-12  1.474340e-12  1.284609e-12  1.093204e-12  1.513585e-12  2.123278e-12  3.094226e-12  4.008767e-12  5.021075e-12  6.145862e-12  7.410951e-12  9.403432e-12  1.197999e-11  1.455077e-11  1.497600e-11  1.989995e-11  3.715312e-11  7.467587e-11  9.690632e-11  1.865672e-10  5.924499e-11  7.018708e-11  5.951519e-11  4.679143e-11  5.091065e-11  7.759826e-11  8.679694e-11  6.409267e-11  2.694724e-11  4.167414e-11  2.929604e-11  2.265449e-11  1.319605e-11  8.221533e-12
  6.747153e-12  8.620488e-12  4.011353e-12  2.033435e-12  1.199497e-12  9.777095e-13  1.111417e-12  1.583771e-12  2.334485e-12  3.465117e-12  4.180541e-12  5.169943e-12  5.475123e-12  5.335373e-12  5.720327e-12  4.785639e-12  4.642599e-12  5.722941e-12  1.902347e-11  3.030608e-11  3.648056e-11  3.564074e-11  2.376386e-11  1.899515e-11  1.614829e-11  1.257988e-11  1.354932e-11  3.160479e-11  4.337093e-11  3.455300e-11  3.578024e-11  2.597419e-11  1.509706e-11  1.034014e-11  7.988722e-12  7.004575e-12
  8.615015e-12  1.145963e-11  6.809563e-12  4.727782e-12  1.694640e-12  1.031635e-12  9.201255e-13  9.068832e-13  1.156436e-12  1.480043e-12  1.880270e-12  2.387455e-12  2.579057e-12  2.625741e-12  2.276007e-12  1.710550e-12  1.538783e-12  2.177305e-12  2.450842e-11  1.664114e-11  1.266028e-11  8.857059e-12  6.097272e-12  5.647298e-12  5.376061e-12  7.246048e-12  1.247473e-11  2.784886e-11  2.105410e-11  1.378009e-11  3.544118e-11  1.463957e-11  7.469069e-12  6.285136e-12  6.239279e-12  7.607684e-12
  8.604352e-12  1.285653e-11  1.934390e-11  1.049598e-11  3.514197e-12  1.361001e-12  8.757007e-13  7.160784e-13  8.099459e-13  8.666863e-13  1.141397e-12  1.545861e-12  1.966239e-12  1.801574e-12  1.368430e-12  8.624219e-13  9.116502e-13  1.597330e-12  6.120748e-11  1.597971e-11  8.076912e-12  4.775612e-12  3.598898e-12  3.248224e-12  3.834865e-12  6.256189e-12  1.754795e-11  4.321411e-11  1.375843e-11  7.543706e-12  1.723329e-11  7.548191e-12  3.759621e-12  3.921834e-12  5.490686e-12  6.889330e-12
  9.547742e-12  1.589708e-11  2.734278e-11  2.482566e-11  5.616669e-12  1.553045e-12  9.547754e-13  7.494284e-13  7.298454e-13  7.303113e-13  8.995742e-13  1.151165e-12  1.428969e-12  1.397366e-12  1.129746e-12  5.980470e-13  5.652561e-13  1.022964e-12  4.881986e-12  1.143102e-10  8.883157e-12  4.286517e-12  3.349431e-12  2.490337e-12  2.492368e-12  4.434088e-12  1.824001e-11  4.796386e-11  1.058156e-11  5.963899e-12  8.442913e-12  3.124815e-12  2.445859e-12  2.720268e-12  4.446363e-12  6.082334e-12
  8.323726e-12  4.062003e-11  5.179689e-11  1.090506e-10  1.099698e-11  1.879341e-12  1.977523e-12  9.588903e-13  7.777627e-13  6.813823e-13  7.624420e-13  9.580944e-13  1.092800e-12  1.112724e-12  9.255159e-13  5.249079e-13  3.933584e-13  7.315550e-13  3.583471e-12  1.501772e-10  9.718173e-12  5.757347e-12  3.694629e-12  2.577662e-12  1.957995e-12  2.920643e-12  1.252333e-11  1.408537e-10  1.275299e-11  5.761246e-12  3.997090e-12  2.309989e-12  1.746432e-12  1.995932e-12  2.825074e-12  4.884592e-12
  7.144021e-12  9.942677e-11  1.192617e-10  3.781259e-10  2.188302e-11  3.756903e-12  1.780980e-12  1.296239e-12  1.045918e-12  8.237140e-13  7.574155e-13  8.821075e-13  9.860013e-13  1.049013e-12  7.870795e-13  5.156560e-13  3.356267e-13  4.177215e-13  3.567951e-12  2.498696e-10  1.526846e-11  6.115618e-12  5.672263e-12  3.471477e-12  1.850128e-12  1.888479e-12  7.995517e-12  2.764334e-10  3.390927e-11  8.281387e-12  3.640262e-12  2.210886e-12  1.560835e-12  1.650682e-12  1.829229e-12  3.261493e-12
  4.647581e-12  3.248147e-11  1.263550e-10  1.312908e-09  3.545698e-11  8.094092e-12  3.429682e-12  1.979038e-12  1.428504e-12  1.099002e-12  8.835345e-13  8.488351e-13  8.925310e-13  9.642523e-13  8.002597e-13  5.408343e-13  3.398092e-13  3.511012e-13  2.567201e-12  1.122460e-10  2.731039e-11  9.824102e-12  8.913497e-12  5.253610e-12  2.718862e-12  1.800561e-12  4.768487e-12  1.111896e-10  8.984493e-11  1.376156e-11  3.209170e-12  2.918986e-12  2.042466e-12  1.610608e-12  1.433395e-12  1.883848e-12
  3.181999e-12  2.453874e-11  1.115221e-10  2.530411e-10  5.976711e-11  1.655923e-11  6.348749e-12  2.809264e-12  2.056485e-12  1.587071e-12  1.174992e-12  1.022581e-12  9.345504e-13  9.239394e-13  8.710896e-13  6.520289e-13  4.227468e-13  3.348967e-13  1.769967e-12  6.002521e-11  4.168315e-11  1.765378e-11  1.315761e-11  7.989439e-12  4.436789e-12  2.595511e-12  2.821706e-12  1.836073e-11  9.821385e-11  2.146905e-11  6.679266e-12  4.315919e-12  2.691099e-12  1.914868e-12  1.592474e-12  1.593512e-12
  2.410534e-12  8.805780e-12  2.985210e-11  7.269021e-11  8.158664e-11  2.433253e-11  9.664409e-12  5.930635e-12  2.374041e-12  1.768160e-12  1.379620e-12  1.136627e-12  1.033280e-12  8.996522e-13  8.416379e-13  7.731386e-13  5.863636e-13  4.397765e-13  1.203050e-12  4.934597e-11  3.959930e-11  2.553782e-11  2.026385e-11  1.155386e-11  7.254390e-12  4.394174e-12  3.675422e-12  8.863632e-12  2.325620e-11  2.404198e-11  1.239137e-11  6.361630e-12  4.085615e-12  2.688906e-12  2.289521e-12  1.917541e-12
  2.040954e-12  3.889722e-12  1.883701e-11  4.131204e-11  4.782182e-11  2.237819e-11  1.200744e-11  8.634274e-12  2.847516e-12  2.181803e-12  1.740882e-12  1.370536e-12  1.184547e-12  1.003742e-12  8.748705e-13  8.102555e-13  6.739405e-13  5.620177e-13  1.217192e-12  7.150518e-11  4.182384e-11  3.499528e-11  2.681528e-11  1.731138e-11  1.013137e-11  7.337203e-12  6.419306e-12  5.197252e-12  1.268391e-11  2.151635e-11  1.769489e-11  8.765525e-12  5.457190e-12  3.926113e-12  3.153712e-12  2.461061e-12
  2.325651e-12  2.851108e-12  9.849633e-12  2.347223e-11  2.930683e-11  1.782917e-11  1.341665e-11  4.101346e-12  3.262110e-12  2.402032e-12  1.915965e-12  1.663971e-12  1.376298e-12  1.133646e-12  9.634655e-13  8.067065e-13  7.186125e-13  7.383688e-13  1.535389e-12  6.584029e-11  5.696527e-11  4.917617e-11  3.824532e-11  2.184433e-11  1.290198e-11  9.953424e-12  7.995375e-12  6.044247e-12  9.089080e-12  1.428805e-11  1.603154e-11  1.086732e-11  7.642907e-12  5.491762e-12  3.856947e-12  2.964874e-12
  2.233215e-12  2.398557e-12  4.971995e-12  1.112490e-11  1.536279e-11  1.337492e-11  1.076379e-11  5.369075e-12  3.693438e-12  2.763225e-12  2.247249e-12  1.664674e-12  1.464565e-12  1.268021e-12  1.086922e-12  9.649951e-13  8.110021e-13  7.798117e-13  3.266266e-12  1.674086e-10  7.147740e-11  5.129459e-11  3.356553e-11  2.667146e-11  1.633506e-11  1.269172e-11  7.578544e-12  6.499684e-12  6.705163e-12  8.263753e-12  9.674106e-12  8.343909e-12  6.877099e-12  5.725593e-12  3.916085e-12  2.742688e-12
  2.041887e-12  1.899775e-12  2.179809e-12  3.958758e-12  6.617284e-12  8.239643e-12  6.976653e-12  4.546781e-12  3.510470e-12  2.700216e-12  2.183356e-12  1.755546e-12  1.499676e-12  1.160155e-12  9.564581e-13  8.788106e-13  7.891489e-13  8.393477e-13  1.577848e-12  4.770525e-11  5.197279e-11  5.307710e-11  3.753465e-11  2.888332e-11  1.931278e-11  1.306295e-11  8.770532e-12  6.461134e-12  5.239040e-12  5.637196e-12  5.245096e-12  4.968162e-12  4.590712e-12  3.366967e-12  2.858089e-12  2.398607e-12
  1.175749e-12  1.061860e-12  1.098980e-12  1.510614e-12  2.177817e-12  3.207464e-12  3.487698e-12  3.172016e-12  2.586002e-12  2.021211e-12  1.592512e-12  1.414194e-12  1.177089e-12  1.103500e-12  8.790021e-13  7.355445e-13  6.426721e-13  6.591117e-13  7.234539e-13  9.982767e-13  1.668649e-11  2.249665e-11  2.137876e-11  1.574081e-11  1.260676e-11  8.125919e-12  5.366496e-12  3.808371e-12  3.418753e-12  3.119003e-12  3.090146e-12  2.474144e-12  2.139620e-12  2.040209e-12  2.013769e-12  1.532017e-12
  3.854959e-13  3.167023e-13  4.528268e-13  5.873876e-13  6.997471e-13  8.725020e-13  1.074797e-12  1.047926e-12  1.000828e-12  9.514377e-13  7.858374e-13  6.841944e-13  6.362552e-13  5.815003e-13  5.160642e-13  4.638256e-13  4.343772e-13  4.069151e-13  4.367824e-13  9.934681e-13  1.599398e-12  4.842642e-12  8.625283e-12  7.615804e-12  5.272772e-12  4.367334e-12  3.670154e-12  2.429526e-12  2.329746e-12  1.217469e-12  1.229707e-12  9.830307e-13  5.957402e-13  5.050259e-13  4.755347e-13  3.908622e-13
  7.253894e-14  6.581758e-14  6.508978e-14  8.200451e-14  8.052835e-14  1.057928e-13  1.402939e-13  1.463569e-13  1.852765e-13  1.763194e-13  2.286246e-13  2.610923e-13  3.208104e-13  3.185390e-13  3.191025e-13  3.533779e-13  3.111318e-13  3.644162e-13  3.366301e-13  5.140832e-13  6.365610e-13  7.492772e-13  1.116783e-12  1.932754e-12  1.428645e-12  1.106255e-12  9.987073e-13  3.936903e-13  2.763212e-13  1.596911e-13  1.307098e-13  1.280409e-13  1.620785e-13  8.932114e-14  1.027499e-13  7.752610e-14
