  1.480699e-11  1.301116e-11  8.994042e-12  8.851311e-12  8.933418e-12  8.599439e-12  7.365326e-12  6.623200e-12  5.625126e-12  5.071227e-12  4.806473e-12  4.460788e-12  4.028942e-12  3.629837e-12  3.627010e-12  3.389955e-12  2.818181e-12  2.402944e-12  2.075809e-12  2.498793e-12  2.554744e-12  1.534741e-12  1.243665e-12  2.467146e-12  3.470786e-12  6.078837e-12  9.921676e-12  1.059231e-11  1.084718e-11  1.449341e-11  1.299571e-11  1.365664e-11  1.457883e-11  1.750474e-11  1.723963e-11  1.662773e-11
  4.593050e-11  2.979925e-11  2.675130e-11  2.523640e-11  1.761132e-11  1.071880e-11  1.383470e-11  1.361725e-11  1.116441e-11  1.091980e-11  1.250052e-11  7.776196e-12  5.485122e-12  3.351908e-12  4.041169e-12  3.601277e-12  3.247698e-12  3.198239e-12  2.579822e-12  2.792834e-12  2.845636e-12  3.676703e-12  1.966563e-11  1.339419e-11  1.207431e-11  2.181920e-11  1.926440e-11  4.071071e-11  3.336675e-11  3.757919e-11  4.612637e-11  5.033878e-11  6.745435e-11  6.404856e-11  6.524246e-11  7.368584e-11
  8.043761e-11  6.911890e-11  5.542019e-11  5.469390e-11  4.709326e-11  3.423131e-11  2.695002e-11  2.416534e-11  1.904243e-11  1.606152e-11  1.775844e-11  1.537550e-11  1.459710e-11  8.185430e-12  5.393214e-12  5.271606e-12  3.953770e-12  3.407759e-12  3.756360e-12  3.724542e-12  5.963141e-12  8.888798e-12  8.427002e-12  1.457774e-11  2.358705e-11  2.958688e-11  6.784089e-11  7.139672e-11  6.321403e-11  1.028968e-10  1.402528e-10  1.637521e-10  1.502475e-10  1.928437e-10  1.485191e-10  1.241151e-10
  1.382660e-10  1.134452e-10  1.136445e-10  1.101681e-10  5.096806e-11  5.561567e-11  3.665355e-11  3.029248e-11  2.537830e-11  2.090234e-11  1.742421e-11  1.497259e-11  1.453112e-11  1.151479e-11  5.121168e-12  5.141278e-12  6.223140e-12  4.742716e-12  4.698275e-12  4.090910e-12  4.487637e-12  6.778816e-12  1.574785e-11  2.315139e-11  4.609057e-11  9.931325e-11  6.079976e-11  8.539588e-11  1.120055e-10  1.757904e-10  2.645954e-10  2.816290e-10  3.063634e-10  2.617162e-10  3.128767e-10  3.130519e-10
  1.906351e-10  2.855048e-10  2.298973e-10  1.443066e-10  6.765857e-11  5.799086e-11  4.280559e-11  3.834329e-11  2.993377e-11  2.509194e-11  2.085544e-11  1.751454e-11  1.447171e-11  1.654368e-11  1.142580e-11  4.714314e-12  5.728245e-12  7.766919e-12  6.386493e-12  5.133510e-12  7.265239e-12  1.476283e-11  2.024868e-11  3.879286e-11  6.839284e-11  1.203771e-10  1.818206e-10  2.164083e-10  2.038995e-10  2.054268e-10  4.021301e-10  5.443618e-10  1.192562e-09  8.158750e-10  4.812900e-10  3.522111e-10
  8.268077e-10  7.588121e-10  5.889681e-10  2.028013e-10  8.725069e-11  5.878911e-11  4.862276e-11  4.022117e-11  3.124852e-11  2.703037e-11  2.160662e-11  1.692939e-11  1.303292e-11  8.910944e-12  9.694519e-12  6.544552e-12  6.153181e-12  8.592592e-12  7.309058e-12  1.181253e-11  1.329923e-11  2.230672e-11  4.294961e-11  6.535017e-11  9.373076e-11  1.573115e-10  4.340080e-10  3.369362e-10  2.670663e-10  1.172252e-10  4.722774e-10  2.191947e-09  7.457343e-09  9.783959e-10  1.120165e-09  7.454513e-10
  1.093118e-09  5.563293e-10  2.788461e-10  1.215544e-10  9.694022e-11  6.868246e-11  4.885825e-11  3.514794e-11  2.806861e-11  2.293783e-11  1.817110e-11  1.457052e-11  1.037369e-11  1.067697e-11  6.236006e-12  7.533138e-12  1.104468e-11  1.249564e-11  9.221410e-12  1.851417e-11  2.685944e-11  4.414809e-11  6.846267e-11  9.802324e-11  1.145678e-10  3.629398e-10  2.127318e-10  4.772291e-10  2.621906e-10  3.912090e-10  7.652617e-10  1.355333e-09  1.437294e-09  1.095863e-09  2.674809e-09  1.826175e-09
  7.741220e-10  3.048477e-10  1.029901e-10  1.514302e-10  7.341646e-11  5.396519e-11  3.816287e-11  3.044837e-11  2.357350e-11  1.852064e-11  1.430617e-11  1.155197e-11  7.285771e-12  4.096898e-12  4.121259e-12  9.532305e-12  2.119918e-11  2.308864e-11  2.378049e-11  3.072321e-11  4.276837e-11  5.858586e-11  9.317051e-11  1.119018e-10  1.431196e-10  5.338561e-10  9.048983e-10  3.531509e-10  3.350301e-10  4.935726e-10  1.733492e-09  2.327099e-09  1.092724e-09  9.529207e-10  6.017143e-10  1.048878e-09
  3.552828e-10  2.099417e-10  8.922655e-11  6.288188e-11  3.854919e-11  2.908967e-11  2.269459e-11  2.081252e-11  1.629467e-11  1.262321e-11  1.104759e-11  8.127381e-12  5.346394e-12  3.168840e-12  8.782777e-12  8.969347e-12  4.063034e-11  3.739050e-11  3.769568e-11  4.433107e-11  4.996276e-11  7.343180e-11  9.886111e-11  1.595715e-10  2.444157e-10  1.956329e-09  6.617984e-09  1.568199e-09  8.980911e-10  1.325147e-09  1.061311e-08  1.471113e-09  7.246327e-10  4.636168e-10  3.435019e-10  1.677270e-10
  1.483593e-10  1.113399e-10  6.739893e-11  2.842737e-11  1.685700e-11  1.249609e-11  1.218060e-11  1.063620e-11  9.581725e-12  8.651770e-12  8.660773e-12  6.037717e-12  3.750794e-12  2.681622e-12  2.267313e-12  9.862520e-12  3.909315e-11  3.657280e-11  5.919232e-11  6.807129e-11  6.562272e-11  8.965235e-11  1.326477e-10  2.532856e-10  5.572545e-10  2.472487e-09  1.133663e-09  8.196489e-10  1.097337e-09  1.518629e-09  1.466248e-09  1.614720e-09  1.762885e-09  3.364878e-10  2.830622e-10  3.187280e-10
  7.884176e-11  5.159537e-11  3.484050e-11  1.300941e-11  9.463666e-12  8.399398e-12  7.918637e-12  7.648969e-12  7.867655e-12  8.136905e-12  7.495030e-12  4.732273e-12  3.315322e-12  2.474466e-12  1.998718e-12  2.062619e-11  3.695515e-11  5.398114e-11  8.424119e-11  9.022232e-11  9.263149e-11  1.334859e-10  1.847067e-10  3.797076e-10  3.273458e-09  2.235102e-09  7.363728e-10  1.411031e-09  1.091034e-09  1.461184e-09  9.133262e-10  1.148059e-09  6.683914e-10  3.693613e-10  1.712454e-10  1.193282e-10
  4.899076e-11  1.587587e-11  1.574958e-11  9.428382e-12  6.789702e-12  6.092238e-12  5.725563e-12  5.729922e-12  6.532153e-12  7.696481e-12  7.041553e-12  4.716744e-12  4.536931e-12  3.588990e-12  4.034024e-12  3.958202e-11  5.088449e-11  8.700189e-11  1.608755e-10  1.147405e-10  1.198030e-10  1.630466e-10  2.189996e-10  4.697418e-10  3.550235e-09  1.445910e-09  1.468003e-09  1.535099e-09  1.203836e-09  1.440976e-09  2.067263e-09  1.141468e-09  3.784485e-10  4.207122e-10  1.508868e-10  6.242897e-11
  3.783067e-11  1.307538e-11  1.106698e-11  6.845466e-12  4.760961e-12  3.938934e-12  4.042084e-12  4.267041e-12  5.192542e-12  6.662384e-12  6.753773e-12  7.030074e-12  6.886515e-12  7.218585e-12  1.280890e-11  2.524946e-11  1.256491e-10  1.091803e-10  1.206998e-10  1.391219e-10  1.398769e-10  1.655582e-10  2.670241e-10  4.497086e-10  1.714735e-09  1.195027e-09  2.759410e-09  3.243530e-09  2.488672e-09  5.403593e-09  1.140057e-09  1.280110e-09  5.527419e-10  3.956028e-10  1.131687e-10  8.337391e-11
  2.362709e-11  9.834982e-12  8.786086e-12  4.468607e-12  3.078405e-12  2.598360e-12  2.669547e-12  3.175019e-12  4.261221e-12  6.163978e-12  9.488926e-12  1.235069e-11  1.477121e-11  1.936542e-11  3.003350e-11  5.899706e-11  1.484111e-10  2.892348e-10  7.935300e-11  1.633233e-10  1.781014e-10  2.012328e-10  3.000669e-10  4.418170e-10  1.169494e-09  1.624708e-09  1.528943e-09  3.037160e-09  3.685251e-09  2.176711e-09  1.240269e-09  2.891079e-10  5.008884e-10  5.226423e-10  9.916969e-11  6.626068e-11
  2.493020e-11  9.380570e-12  9.702508e-12  3.268017e-12  2.125133e-12  1.813561e-12  1.943718e-12  2.523541e-12  3.631403e-12  6.004334e-12  9.160567e-12  1.345097e-11  2.168650e-11  3.076796e-11  4.499863e-11  5.857459e-11  7.595282e-11  1.969512e-10  1.552512e-10  2.066783e-10  2.324007e-10  2.831730e-10  3.649919e-10  5.176167e-10  8.571371e-10  9.575599e-10  1.545030e-09  1.687766e-09  2.719487e-09  7.711553e-10  5.960021e-10  1.857010e-10  4.837854e-10  3.937568e-10  8.713407e-11  5.419194e-11
  1.788535e-11  7.426870e-12  5.735615e-12  2.746710e-12  1.881080e-12  1.606517e-12  1.591070e-12  2.050866e-12  3.260608e-12  5.567528e-12  8.805582e-12  1.184804e-11  1.453763e-11  2.021373e-11  3.082684e-11  4.823161e-11  6.786582e-11  8.437081e-11  1.659405e-10  2.175112e-10  2.265039e-10  3.674526e-10  4.875368e-10  5.863057e-10  5.117767e-10  7.742198e-10  1.138166e-09  1.074957e-09  1.703613e-09  6.494176e-10  2.073698e-10  1.720815e-10  2.437229e-10  1.485096e-10  6.368344e-11  3.453705e-11
  1.081021e-11  6.250966e-12  3.393886e-12  1.953649e-12  1.573099e-12  1.587909e-12  2.131755e-12  3.124662e-12  4.693495e-12  6.463601e-12  8.256553e-12  8.040084e-12  9.414513e-12  1.342747e-11  2.092233e-11  3.236313e-11  4.704521e-11  5.951858e-11  1.247596e-10  1.932601e-10  4.588302e-10  2.948126e-10  4.289784e-10  4.638859e-10  4.580851e-10  4.875700e-10  5.167331e-10  7.611615e-10  5.790525e-10  2.426485e-10  1.112857e-10  1.800284e-10  1.114217e-10  7.607282e-11  3.850271e-11  2.688543e-11
  6.000600e-12  5.979666e-12  2.170085e-12  1.509671e-12  1.225424e-12  1.097655e-12  1.214837e-12  1.521715e-12  1.903663e-12  2.299002e-12  2.942162e-12  3.409394e-12  4.535714e-12  6.275532e-12  8.993954e-12  1.402144e-11  2.171127e-11  3.669883e-11  1.095655e-10  1.852023e-10  2.748683e-10  3.161158e-10  4.681062e-10  3.941549e-10  2.508783e-10  2.111378e-10  2.568034e-10  4.771785e-10  3.912237e-10  1.135120e-10  8.304399e-11  7.656702e-11  5.325230e-11  3.588094e-11  1.898775e-11  9.116469e-12
  6.980232e-12  3.404682e-12  1.491882e-12  1.556408e-12  7.946367e-13  1.057111e-12  9.574178e-13  1.014263e-12  1.179400e-12  1.445176e-12  1.698288e-12  2.125550e-12  3.236221e-12  5.389952e-12  8.516098e-12  1.205590e-11  1.577129e-11  2.566684e-11  7.853212e-11  1.696609e-10  1.611438e-10  4.695306e-10  2.017801e-10  2.029225e-10  1.973848e-10  1.530020e-10  1.452129e-10  2.451922e-10  2.427249e-10  8.702048e-11  2.828872e-11  2.868619e-11  2.765710e-11  2.285516e-11  1.295368e-11  6.814638e-12
  5.159830e-12  1.955540e-12  1.412910e-12  8.996092e-13  9.235216e-13  9.447477e-13  1.623943e-12  2.450995e-12  3.659768e-12  4.705698e-12  5.978958e-12  7.331932e-12  8.783107e-12  1.124961e-11  1.366494e-11  1.487918e-11  1.409152e-11  1.588692e-11  4.525872e-11  9.702394e-11  1.250854e-10  2.604202e-10  7.762412e-11  9.458359e-11  7.436429e-11  5.408643e-11  5.882261e-11  8.555033e-11  8.863311e-11  5.838381e-11  2.270113e-11  2.880486e-11  2.174583e-11  1.828446e-11  1.091467e-11  6.078467e-12
  4.226043e-12  4.877029e-12  2.204569e-12  1.051068e-12  7.653541e-13  6.781822e-13  1.022025e-12  1.654804e-12  2.466302e-12  3.705221e-12  4.385758e-12  5.601534e-12  5.729601e-12  4.759013e-12  4.459293e-12  3.041998e-12  2.678580e-12  3.004519e-12  2.144849e-11  3.742698e-11  4.387781e-11  3.979721e-11  2.248384e-11  1.962951e-11  1.524101e-11  1.083487e-11  1.147646e-11  2.641987e-11  4.235527e-11  2.857689e-11  3.124987e-11  2.103456e-11  1.200358e-11  7.321323e-12  5.537212e-12  4.335778e-12
  4.638717e-12  7.248507e-12  3.281014e-12  2.841214e-12  7.267196e-13  6.235627e-13  6.188524e-13  7.543203e-13  1.116135e-12  1.460724e-12  1.770181e-12  2.142308e-12  1.976063e-12  1.640639e-12  1.269878e-12  7.787014e-13  6.034839e-13  8.498429e-13  2.284135e-11  1.712477e-11  1.386888e-11  7.372687e-12  3.765612e-12  3.519620e-12  3.028492e-12  3.880290e-12  7.191343e-12  1.808313e-11  1.502815e-11  1.017288e-11  2.796632e-11  1.006646e-11  5.045468e-12  4.051893e-12  3.606799e-12  4.162795e-12
  4.322495e-12  6.779405e-12  1.145223e-11  7.087821e-12  1.983027e-12  8.022461e-13  5.305150e-13  4.678974e-13  6.048126e-13  7.074897e-13  9.123012e-13  1.148487e-12  1.321257e-12  1.036279e-12  6.533046e-13  3.293669e-13  3.008793e-13  5.018663e-13  3.014784e-11  1.269306e-11  6.765599e-12  3.254233e-12  1.816752e-12  1.441251e-12  1.737211e-12  2.922855e-12  9.293945e-12  2.540864e-11  7.311975e-12  4.717272e-12  1.041089e-11  4.858694e-12  2.075278e-12  2.256076e-12  2.865143e-12  3.375172e-12
  4.575056e-12  8.728976e-12  1.842069e-11  1.739979e-11  3.708763e-12  9.046104e-13  5.218107e-13  4.486476e-13  4.334957e-13  4.851692e-13  6.126401e-13  7.571781e-13  8.785586e-13  7.644234e-13  5.313528e-13  2.185872e-13  1.649410e-13  2.524808e-13  1.954536e-12  2.747583e-11  5.514850e-12  2.332000e-12  1.571178e-12  9.608090e-13  9.741480e-13  1.883773e-12  9.386531e-12  2.735723e-11  5.615162e-12  3.326930e-12  4.756136e-12  1.904720e-12  1.229290e-12  1.380888e-12  2.243243e-12  2.975651e-12
  3.566036e-12  1.983447e-11  3.187307e-11  7.951720e-11  7.165432e-12  9.642349e-13  1.020709e-12  5.048778e-13  4.045408e-13  3.655221e-13  4.310513e-13  5.898811e-13  6.391130e-13  5.926169e-13  4.428988e-13  2.116171e-13  1.309571e-13  2.313504e-13  9.353953e-13  2.609688e-11  4.102381e-12  2.279450e-12  1.552471e-12  9.299012e-13  6.823717e-13  1.166337e-12  6.066211e-12  8.329859e-11  6.762771e-12  3.261770e-12  2.034994e-12  1.226051e-12  7.674842e-13  8.964344e-13  1.288938e-12  2.430176e-12
  2.960158e-12  3.173506e-11  5.159118e-11  2.641954e-10  1.391973e-11  1.985376e-12  8.862578e-13  6.458251e-13  5.284943e-13  3.959371e-13  3.642880e-13  4.725396e-13  5.330934e-13  5.679323e-13  4.077215e-13  2.361864e-13  1.265920e-13  1.054769e-13  7.317419e-13  4.558758e-11  4.833056e-12  1.557287e-12  2.180700e-12  1.296105e-12  5.737503e-13  6.284726e-13  3.728538e-12  1.911200e-10  1.659637e-11  3.962824e-12  1.689105e-12  9.810775e-13  6.444036e-13  7.376038e-13  7.839816e-13  1.519864e-12
  1.790240e-12  1.253514e-11  3.929670e-11  7.219601e-10  2.164626e-11  4.373476e-12  1.686126e-12  9.527251e-13  6.653559e-13  5.082601e-13  3.929598e-13  4.077204e-13  4.397051e-13  4.829941e-13  4.007492e-13  2.550436e-13  1.379219e-13  9.750900e-14  4.458341e-13  2.164556e-11  7.159658e-12  2.544111e-12  2.985910e-12  1.841853e-12  8.928707e-13  5.517503e-13  2.099949e-12  5.935373e-11  4.459456e-11  6.233284e-12  1.311337e-12  1.258149e-12  8.460122e-13  6.750198e-13  5.827274e-13  7.248657e-13
  1.302349e-12  7.103270e-12  2.865770e-11  1.433534e-10  3.656510e-11  9.335378e-12  3.232008e-12  1.285935e-12  9.514989e-13  7.424704e-13  5.237508e-13  4.790506e-13  4.410935e-13  4.455050e-13  4.130542e-13  3.119833e-13  1.755362e-13  1.101573e-13  2.779712e-13  1.132102e-11  1.018428e-11  4.563920e-12  3.825268e-12  2.648281e-12  1.472627e-12  7.933407e-13  1.031420e-12  7.687952e-12  4.309108e-11  9.405036e-12  2.826844e-12  1.882789e-12  1.080213e-12  7.342569e-13  6.056120e-13  5.893928e-13
  9.102882e-13  2.884104e-12  1.424242e-11  4.280478e-11  5.297483e-11  1.437668e-11  5.330158e-12  2.839724e-12  1.028060e-12  7.592992e-13  5.950861e-13  5.102438e-13  4.808917e-13  4.093675e-13  3.778094e-13  3.569643e-13  2.536451e-13  1.535088e-13  1.972530e-13  6.439484e-12  8.348603e-12  6.878712e-12  7.038378e-12  4.069998e-12  2.510754e-12  1.404601e-12  1.326601e-12  3.575618e-12  8.150330e-12  9.520640e-12  5.298180e-12  2.791353e-12  1.740605e-12  1.042233e-12  8.630662e-13  6.951450e-13
  7.058747e-13  1.482765e-12  9.001510e-12  2.309698e-11  2.428343e-11  1.338133e-11  7.112013e-12  4.364457e-12  1.298630e-12  9.548531e-13  7.677409e-13  6.096882e-13  5.298223e-13  4.420955e-13  3.709800e-13  3.492333e-13  2.835682e-13  2.099059e-13  2.880600e-13  3.623286e-12  1.045018e-11  1.106095e-11  9.934325e-12  7.243144e-12  3.687684e-12  2.829769e-12  2.808765e-12  1.715542e-12  5.069485e-12  8.582762e-12  7.437386e-12  3.672610e-12  2.282090e-12  1.553396e-12  1.200867e-12  8.801298e-13
  8.190009e-13  9.757159e-13  4.502849e-12  1.213973e-11  1.509006e-11  9.684137e-12  7.416955e-12  2.294864e-12  1.497905e-12  1.033206e-12  8.314091e-13  7.611476e-13  6.254783e-13  5.053227e-13  4.083235e-13  3.267105e-13  2.828991e-13  2.947392e-13  3.747196e-13  1.756021e-11  2.304677e-11  2.085673e-11  1.845340e-11  9.961355e-12  5.957533e-12  4.518158e-12  3.507480e-12  2.311406e-12  3.825837e-12  5.892094e-12  6.884875e-12  4.761203e-12  3.343942e-12  2.252947e-12  1.465371e-12  1.083478e-12
  8.611741e-13  9.189064e-13  2.137507e-12  5.176236e-12  7.450008e-12  6.817611e-12  5.337389e-12  2.894823e-12  1.866953e-12  1.276413e-12  1.038393e-12  7.303352e-13  6.598753e-13  5.807335e-13  4.958290e-13  4.240996e-13  3.324178e-13  2.846958e-13  1.170435e-12  1.351406e-10  5.193994e-11  2.572755e-11  1.562899e-11  1.327399e-11  7.635980e-12  6.179008e-12  2.986209e-12  2.698361e-12  2.635231e-12  3.335159e-12  3.952363e-12  3.294911e-12  2.812244e-12  2.549842e-12  1.616406e-12  1.052660e-12
  8.925920e-13  8.150969e-13  8.427497e-13  1.694721e-12  2.801183e-12  3.997523e-12  3.304503e-12  2.103080e-12  1.672352e-12  1.294832e-12  1.071808e-12  8.229302e-13  7.254816e-13  5.142811e-13  4.032119e-13  3.730400e-13  3.350828e-13  3.848334e-13  6.074759e-13  6.340538e-11  4.520197e-11  3.788022e-11  2.276717e-11  1.787949e-11  1.069471e-11  6.800032e-12  4.517370e-12  3.064512e-12  2.496155e-12  2.529368e-12  2.190285e-12  2.010186e-12  1.951381e-12  1.324596e-12  1.160653e-12  1.075908e-12
  4.967024e-13  4.389744e-13  4.629516e-13  6.206037e-13  8.973863e-13  1.388667e-12  1.524477e-12  1.465492e-12  1.220035e-12  9.471633e-13  7.644015e-13  6.834233e-13  5.480012e-13  5.390406e-13  4.052153e-13  3.343558e-13  2.896934e-13  3.080957e-13  3.293435e-13  3.352567e-13  1.793039e-11  1.752843e-11  1.380626e-11  8.565755e-12  6.456593e-12  3.557095e-12  2.194339e-12  1.586788e-12  1.696885e-12  1.653831e-12  1.829001e-12  1.170679e-12  8.589586e-13  9.053226e-13  1.018608e-12  7.033596e-13
  1.467510e-13  1.163446e-13  1.781503e-13  2.569292e-13  3.182586e-13  4.075996e-13  5.119370e-13  4.766415e-13  4.451390e-13  4.332806e-13  3.596486e-13  3.200501e-13  2.988598e-13  2.693542e-13  2.511445e-13  2.195070e-13  2.128389e-13  1.928660e-13  1.823467e-13  4.030330e-13  1.011142e-12  3.779201e-12  8.065967e-12  6.515117e-12  3.099192e-12  2.250713e-12  1.993846e-12  1.240267e-12  1.487636e-12  5.381590e-13  5.319379e-13  3.573248e-13  2.073931e-13  1.813821e-13  1.734365e-13  1.513515e-13
  3.501643e-14  2.885159e-14  3.012798e-14  4.046503e-14  3.967508e-14  6.659234e-14  6.565096e-14  8.693540e-14  1.054688e-13  8.390381e-14  9.522031e-14  1.058901e-13  1.421779e-13  1.530578e-13  1.593499e-13  1.524318e-13  1.482494e-13  1.743239e-13  2.255877e-13  3.242141e-13  4.078444e-13  4.951566e-13  8.852174e-13  1.543528e-12  1.248351e-12  1.084940e-12  9.233391e-13  3.083416e-13  1.789072e-13  7.793662e-14  6.397407e-14  6.348829e-14  1.047379e-13  4.623524e-14  5.246986e-14  3.772953e-14
