  3.001756e+08  2.589706e+08  2.808565e+08  3.131159e+08  2.782736e+08  3.002675e+08  2.504126e+08  3.356662e+08  4.181433e+08  6.508874e+08  9.238526e+08  1.102654e+09  1.017616e+09  6.941014e+08  4.896140e+08  3.543564e+08  2.789215e+08  2.406930e+08  1.912407e+08  1.902704e+08  1.432292e+08  8.436716e+07  7.748416e+07  1.687909e+08  7.788995e+08  4.965758e+09  4.446945e+09  1.564062e+09  7.539223e+08  4.981186e+08  4.199702e+08  4.422024e+08  5.042229e+08  5.265206e+08  2.339943e+08  2.813186e+08
  1.948908e+09  1.483589e+09  1.669209e+09  1.253198e+09  1.467692e+09  1.446376e+09  1.808351e+09  2.538148e+09  5.426117e+09  1.483320e+10  1.924634e+10  8.581308e+09  3.333764e+09  1.521813e+09  9.434548e+08  7.936599e+08  6.523308e+08  5.223120e+08  4.323748e+08  3.072859e+08  2.053256e+08  1.728557e+08  3.689103e+08  1.352969e+09  3.655313e+09  4.503737e+09  3.847357e+09  2.915624e+09  2.366659e+09  2.361304e+09  2.847645e+09  2.990595e+09  4.341971e+09  1.319503e+09  1.256806e+09  1.775975e+09
  8.914523e+09  5.889213e+09  6.674394e+09  4.500110e+09  6.577711e+09  9.547725e+09  6.908076e+09  1.066516e+10  2.578426e+10  4.109889e+10  1.827089e+10  7.391357e+09  3.392346e+09  2.097034e+09  1.748039e+09  1.272093e+09  1.528587e+09  1.082037e+09  8.521695e+08  6.485792e+08  5.400864e+08  8.036572e+08  1.485811e+09  2.192207e+09  4.020926e+09  6.316788e+09  5.975336e+09  5.342475e+09  6.248851e+09  9.616648e+09  1.566559e+10  1.675629e+10  1.246538e+10  3.610115e+09  5.370417e+09  7.630707e+09
  2.918062e+10  1.879709e+10  1.078282e+10  1.297225e+10  1.609491e+10  1.745522e+10  1.417498e+10  1.961050e+10  2.394968e+10  1.848060e+10  9.674883e+09  4.729200e+09  2.729295e+09  2.403916e+09  2.435016e+09  2.748342e+09  2.426301e+09  2.346834e+09  1.944970e+09  1.659525e+09  1.755378e+09  2.276839e+09  3.375447e+09  5.386045e+09  9.106027e+09  9.319056e+09  7.428677e+09  8.428795e+09  2.101985e+10  4.712923e+10  5.074003e+10  4.672310e+10  1.613286e+10  1.130411e+10  1.693581e+10  2.548318e+10
  7.569829e+10  5.055484e+10  3.331744e+10  2.664396e+10  2.823186e+10  2.021286e+10  1.580588e+10  2.081607e+10  1.658165e+10  1.041204e+10  6.518882e+09  3.467499e+09  2.923063e+09  2.836495e+09  3.831074e+09  5.488201e+09  5.728009e+09  5.159177e+09  4.101413e+09  3.658816e+09  4.075117e+09  4.827655e+09  7.145761e+09  1.097844e+10  1.270141e+10  8.920760e+09  6.371764e+09  1.733815e+10  1.246726e+11  1.059051e+11  8.577286e+10  8.198238e+10  3.753909e+10  2.969627e+10  4.494551e+10  5.952738e+10
  1.408886e+11  7.340996e+10  6.192663e+10  4.047829e+10  2.829335e+10  2.170971e+10  2.108597e+10  1.540318e+10  9.651270e+09  8.621477e+09  6.103095e+09  4.271720e+09  2.832639e+09  3.293317e+09  6.101371e+09  1.211706e+10  1.249836e+10  8.840579e+09  7.000412e+09  5.995386e+09  7.127084e+09  8.423643e+09  1.172628e+10  1.347567e+10  1.115257e+10  8.091562e+09  8.944100e+09  7.726490e+10  1.501998e+11  1.375845e+11  1.310344e+11  1.189521e+11  1.256656e+11  1.124044e+11  1.012346e+11  9.087312e+10
  2.711782e+11  1.035387e+11  7.603070e+10  4.854243e+10  4.860615e+10  3.291824e+10  1.805221e+10  1.184275e+10  8.072398e+09  8.563392e+09  4.358132e+09  2.756689e+09  2.658462e+09  4.557354e+09  1.066599e+10  2.715689e+10  1.734085e+10  1.122792e+10  9.618733e+09  9.139063e+09  9.992901e+09  1.152743e+10  1.319221e+10  1.201090e+10  1.112715e+10  1.343883e+10  3.730726e+10  9.765769e+10  1.424048e+11  1.679676e+11  1.860291e+11  1.939898e+11  1.574560e+11  1.158764e+11  7.840548e+10  1.035822e+11
  2.660243e+11  1.493977e+11  9.151667e+10  7.079010e+10  5.544093e+10  3.073763e+10  1.102510e+10  1.529965e+10  9.018704e+09  4.900076e+09  2.461681e+09  2.467658e+09  3.440525e+09  6.472545e+09  1.754880e+10  2.502874e+10  1.494565e+10  1.220087e+10  1.125824e+10  1.135532e+10  1.230303e+10  1.358720e+10  1.270569e+10  1.261681e+10  1.529855e+10  2.646038e+10  5.709163e+10  1.091082e+11  1.713987e+11  2.161217e+11  2.451272e+11  2.466432e+11  1.525942e+11  8.663999e+10  5.504494e+10  1.260760e+11
  1.445165e+11  1.480868e+11  9.444169e+10  7.080178e+10  3.192153e+10  1.189698e+10  8.826637e+09  1.278707e+10  6.318663e+09  2.792091e+09  2.274226e+09  2.677548e+09  4.153254e+09  7.131494e+09  1.577687e+10  1.758472e+10  1.243020e+10  1.206336e+10  1.229195e+10  1.257825e+10  1.418165e+10  1.536106e+10  1.442082e+10  1.485858e+10  2.062467e+10  4.135984e+10  8.231499e+10  1.401963e+11  2.198303e+11  2.821170e+11  3.025032e+11  2.655783e+11  1.708995e+11  6.446426e+10  3.556913e+10  9.298239e+10
  8.773244e+10  1.066006e+11  6.763192e+10  2.833189e+10  1.234171e+10  7.081635e+09  8.397671e+09  7.910283e+09  3.800707e+09  2.877122e+09  2.487865e+09  3.363668e+09  4.647135e+09  7.508844e+09  1.187217e+10  1.316397e+10  1.211335e+10  1.163550e+10  1.270715e+10  1.487712e+10  1.679926e+10  1.820311e+10  1.827029e+10  1.683980e+10  3.192039e+10  5.878096e+10  1.079998e+11  1.968590e+11  2.903373e+11  3.745166e+11  3.775191e+11  3.217220e+11  1.907181e+11  5.876800e+10  2.121124e+10  7.102607e+10
  7.870758e+10  7.979579e+10  3.610285e+10  1.220691e+10  6.924771e+09  6.032779e+09  6.645872e+09  4.735090e+09  3.262827e+09  3.096512e+09  3.214921e+09  3.608798e+09  4.571767e+09  6.659304e+09  8.734197e+09  1.000176e+10  1.084134e+10  1.126868e+10  1.270796e+10  1.714000e+10  2.030275e+10  2.409051e+10  2.130747e+10  2.350699e+10  5.053852e+10  8.894569e+10  1.471196e+11  2.788944e+11  4.234700e+11  4.852350e+11  5.015363e+11  4.295023e+11  2.045084e+11  4.340142e+10  3.459972e+10  7.052529e+10
  6.361617e+10  4.801656e+10  1.870680e+10  7.844399e+09  4.445455e+09  5.289826e+09  4.384344e+09  3.462753e+09  2.969704e+09  3.292289e+09  3.187945e+09  3.414907e+09  3.954429e+09  5.365372e+09  6.925928e+09  8.052951e+09  9.505908e+09  1.156384e+10  1.479493e+10  1.962602e+10  2.394016e+10  2.706074e+10  2.118629e+10  3.077462e+10  7.351289e+10  1.163976e+11  2.377451e+11  4.162101e+11  5.598137e+11  5.434670e+11  5.726921e+11  4.512836e+11  1.389572e+11  4.210242e+10  6.330797e+10  7.761014e+10
  6.061264e+10  2.821108e+10  1.114829e+10  5.246274e+09  3.354112e+09  4.830595e+09  3.438268e+09  2.896973e+09  2.911172e+09  3.084851e+09  2.841380e+09  2.885358e+09  3.119459e+09  4.116333e+09  5.474592e+09  6.594376e+09  8.464458e+09  1.144788e+10  1.631435e+10  2.253386e+10  2.534506e+10  2.318445e+10  2.104927e+10  4.589483e+10  7.750430e+10  1.371701e+11  3.467534e+11  6.604419e+11  6.041891e+11  5.916926e+11  5.104064e+11  2.440283e+11  6.541492e+10  6.639449e+10  1.271124e+11  8.352705e+10
  4.949372e+10  1.761704e+10  7.434011e+09  3.654967e+09  3.235183e+09  4.373918e+09  2.890887e+09  2.956818e+09  2.781554e+09  2.817811e+09  2.500142e+09  2.229706e+09  2.410120e+09  3.256366e+09  4.239416e+09  5.217715e+09  7.596197e+09  1.174215e+10  1.884800e+10  2.132386e+10  2.222827e+10  1.902699e+10  2.291308e+10  4.537457e+10  7.046644e+10  1.471487e+11  4.767283e+11  6.300797e+11  5.367087e+11  4.400460e+11  3.210098e+11  1.100875e+11  5.072827e+10  1.173831e+11  1.834214e+11  1.092220e+11
  4.140093e+10  1.146498e+10  5.559140e+09  3.606263e+09  4.164177e+09  4.139769e+09  2.897680e+09  2.904758e+09  2.719211e+09  2.539323e+09  1.913680e+09  1.571337e+09  1.795090e+09  2.584274e+09  3.267466e+09  4.080569e+09  6.567788e+09  1.275423e+10  1.969782e+10  1.817363e+10  1.718312e+10  1.829933e+10  2.540391e+10  3.943515e+10  5.311846e+10  1.415498e+11  3.902946e+11  4.012518e+11  3.417596e+11  2.842030e+11  1.854849e+11  7.863062e+10  3.756901e+10  1.586008e+11  1.656656e+11  7.660073e+10
  3.053545e+10  7.900044e+09  5.424653e+09  5.300012e+09  5.209676e+09  3.959556e+09  3.377077e+09  3.087040e+09  2.788279e+09  2.193601e+09  1.482310e+09  1.126652e+09  1.595408e+09  2.107201e+09  2.430399e+09  3.020642e+09  5.159211e+09  1.370041e+10  1.653653e+10  1.320409e+10  1.341196e+10  1.670860e+10  2.284643e+10  2.389989e+10  3.981406e+10  1.013390e+11  1.926351e+11  2.093276e+11  2.010734e+11  1.745676e+11  1.150694e+11  4.881442e+10  3.537920e+10  1.411844e+11  9.855913e+10  4.872162e+10
  1.165299e+10  7.030631e+09  7.308135e+09  1.084078e+10  6.389429e+09  4.011172e+09  3.954203e+09  3.372036e+09  2.843690e+09  1.738634e+09  1.133634e+09  1.143267e+09  1.414416e+09  1.610030e+09  1.645359e+09  2.200191e+09  3.834420e+09  1.144051e+10  1.103353e+10  9.072368e+09  1.081460e+10  1.395359e+10  1.936109e+10  1.873920e+10  3.333598e+10  5.588114e+10  9.146184e+10  1.231208e+11  1.339651e+11  1.270461e+11  1.026897e+11  3.863681e+10  4.142419e+10  6.614601e+10  4.193044e+10  2.836634e+10
  7.997823e+09  7.511829e+09  1.123757e+10  1.477949e+10  6.655307e+09  4.359163e+09  4.184792e+09  4.005807e+09  2.737858e+09  1.347826e+09  1.014927e+09  1.060868e+09  9.800811e+08  9.211340e+08  1.079829e+09  1.606647e+09  3.432861e+09  5.994025e+09  6.275785e+09  6.968609e+09  7.691844e+09  1.079422e+10  1.832081e+10  1.928437e+10  2.288885e+10  2.916932e+10  5.558461e+10  8.313052e+10  1.029886e+11  1.115503e+11  1.071453e+11  3.127733e+10  2.693827e+10  2.920899e+10  1.975742e+10  1.340638e+10
  7.217436e+09  8.748568e+09  1.285900e+10  1.061065e+10  6.302084e+09  4.872065e+09  4.702579e+09  3.864574e+09  1.846806e+09  1.290424e+09  9.592487e+08  8.547767e+08  6.109744e+08  4.873880e+08  6.464551e+08  1.220958e+09  2.293418e+09  3.100407e+09  3.900879e+09  5.135981e+09  5.853942e+09  8.337328e+09  1.196813e+10  1.280167e+10  1.245373e+10  1.876629e+10  3.956474e+10  6.396347e+10  7.188293e+10  7.591985e+10  4.284888e+10  2.322288e+10  1.918127e+10  1.750477e+10  1.212146e+10  1.008729e+10
  7.656320e+09  9.588737e+09  1.110729e+10  8.432434e+09  5.816077e+09  5.000000e+09  4.354353e+09  2.640534e+09  1.540126e+09  9.924672e+08  6.730271e+08  4.820711e+08  2.499319e+08  3.005202e+08  4.839108e+08  8.151128e+08  1.171906e+09  1.559554e+09  2.067247e+09  3.205818e+09  4.282925e+09  6.344785e+09  8.578831e+09  9.992211e+09  1.048876e+10  1.910418e+10  3.530180e+10  5.162443e+10  5.185169e+10  3.955822e+10  2.336958e+10  1.778631e+10  1.416098e+10  1.200955e+10  8.879012e+09  9.198686e+09
  7.747422e+09  8.941330e+09  8.851366e+09  7.019514e+09  5.401622e+09  4.677518e+09  3.188509e+09  1.868358e+09  1.275040e+09  8.332082e+08  4.581877e+08  1.815857e+08  1.170493e+08  2.693188e+08  3.569075e+08  4.714127e+08  6.579564e+08  9.322285e+08  1.330752e+09  2.060568e+09  3.223120e+09  5.005103e+09  6.965583e+09  9.930047e+09  1.223293e+10  2.163395e+10  3.376430e+10  4.144328e+10  3.526178e+10  2.401902e+10  1.865890e+10  1.419904e+10  1.195912e+10  1.006391e+10  7.250620e+09  7.319506e+09
  7.469861e+09  7.775275e+09  7.281186e+09  5.928347e+09  4.762464e+09  4.115957e+09  2.415492e+09  1.595314e+09  1.058963e+09  6.161504e+08  2.552344e+08  6.755669e+07  1.475421e+08  2.197204e+08  2.443463e+08  3.107178e+08  4.017184e+08  5.795065e+08  8.328954e+08  1.395534e+09  2.508549e+09  4.300988e+09  6.832203e+09  1.141629e+10  1.556213e+10  2.395142e+10  3.074256e+10  3.208133e+10  2.601565e+10  1.994889e+10  1.620325e+10  1.314243e+10  1.177150e+10  8.903479e+09  6.690563e+09  6.897106e+09
  6.767839e+09  6.551715e+09  6.015236e+09  5.017349e+09  4.029514e+09  3.251011e+09  1.797094e+09  1.359950e+09  8.625533e+08  4.575554e+08  1.614017e+08  9.146089e+07  1.909995e+08  1.586145e+08  1.740235e+08  2.066113e+08  2.484134e+08  3.414316e+08  5.347935e+08  9.908822e+08  2.163482e+09  4.388470e+09  8.502947e+09  1.474458e+10  2.017723e+10  2.479412e+10  2.675650e+10  2.385910e+10  2.087649e+10  1.698173e+10  1.434757e+10  1.321643e+10  1.094609e+10  7.913374e+09  6.185608e+09  6.368008e+09
  5.919050e+09  5.495773e+09  4.914770e+09  3.982645e+09  3.269016e+09  2.392137e+09  1.458727e+09  1.154803e+09  7.495698e+08  4.055687e+08  2.155276e+08  2.193421e+08  2.078422e+08  1.177524e+08  1.391227e+08  1.380887e+08  1.487357e+08  1.998853e+08  3.659028e+08  8.199371e+08  2.370357e+09  6.486065e+09  1.262177e+10  2.000763e+10  2.396097e+10  2.443388e+10  2.330319e+10  1.970122e+10  1.770914e+10  1.537222e+10  1.353426e+10  1.219174e+10  9.102823e+09  6.435325e+09  5.466869e+09  5.665399e+09
  5.039767e+09  4.572709e+09  3.858401e+09  3.074903e+09  2.614942e+09  2.125946e+09  1.493037e+09  1.126585e+09  8.133784e+08  5.425250e+08  4.360984e+08  4.253148e+08  2.341129e+08  1.458153e+08  1.141852e+08  8.499540e+07  9.198842e+07  1.312575e+08  2.750205e+08  8.154012e+08  3.336446e+09  1.140248e+10  2.010145e+10  2.513568e+10  2.527737e+10  2.165124e+10  1.871361e+10  1.689349e+10  1.551603e+10  1.424710e+10  1.308835e+10  1.021971e+10  7.644643e+09  5.315219e+09  4.384293e+09  4.788671e+09
  4.307676e+09  3.530050e+09  2.892171e+09  2.370878e+09  2.426023e+09  1.990386e+09  1.616305e+09  1.346316e+09  1.106273e+09  9.573169e+08  1.045291e+09  7.215156e+08  2.846192e+08  1.568458e+08  7.963445e+07  5.558953e+07  6.306500e+07  9.838979e+07  2.279240e+08  1.141090e+09  7.358681e+09  2.426614e+10  3.101294e+10  2.926955e+10  2.296518e+10  1.780669e+10  1.543236e+10  1.415517e+10  1.474261e+10  1.317902e+10  1.203150e+10  8.752815e+09  6.415933e+09  4.439274e+09  3.439589e+09  3.862877e+09
  3.252663e+09  2.434251e+09  2.122678e+09  1.914317e+09  2.298277e+09  2.246852e+09  2.024830e+09  2.082054e+09  1.730946e+09  1.655990e+09  2.032649e+09  7.952581e+08  3.138602e+08  1.459020e+08  6.299580e+07  4.732913e+07  5.302203e+07  8.613169e+07  2.579469e+08  2.594559e+09  2.313146e+10  4.821973e+10  4.077943e+10  2.911033e+10  1.838835e+10  1.452391e+10  1.239763e+10  1.214834e+10  1.329919e+10  1.276086e+10  1.168513e+10  7.512128e+09  5.094743e+09  2.751482e+09  2.591619e+09  3.378754e+09
  1.863248e+09  1.598654e+09  1.610771e+09  1.682232e+09  2.474616e+09  2.940323e+09  3.809450e+09  3.404222e+09  2.636235e+09  2.420005e+09  2.190946e+09  7.543857e+08  3.274885e+08  1.490059e+08  7.690846e+07  5.513860e+07  6.543072e+07  7.852374e+07  6.563442e+08  1.182748e+10  6.489178e+10  7.243269e+10  4.349725e+10  2.486117e+10  1.484262e+10  1.327064e+10  9.694119e+09  1.082752e+10  1.207619e+10  9.949022e+09  7.266142e+09  6.089260e+09  3.712180e+09  1.752827e+09  1.849973e+09  2.379679e+09
  2.121527e+09  2.115697e+09  2.696015e+09  3.964360e+09  6.029032e+09  5.762513e+09  7.693257e+09  4.289160e+09  2.796508e+09  2.412955e+09  2.085368e+09  8.945173e+08  3.702616e+08  1.899504e+08  1.150674e+08  9.576934e+07  1.130358e+08  2.892302e+08  3.725260e+09  8.919415e+10  1.302056e+11  8.866045e+10  5.227841e+10  3.067007e+10  1.991484e+10  1.786150e+10  1.344782e+10  1.387218e+10  1.260515e+10  9.470276e+09  7.670231e+09  4.089111e+09  3.908558e+09  2.174579e+09  1.298436e+09  1.827969e+09
  1.398385e+09  1.491777e+09  2.183620e+09  3.615965e+09  7.005362e+09  9.665184e+09  8.408653e+09  3.604527e+09  2.127434e+09  2.463152e+09  1.766102e+09  1.126902e+09  4.998122e+08  2.906949e+08  2.226116e+08  2.183282e+08  3.876187e+08  2.015439e+09  1.559706e+10  1.709275e+11  1.776726e+11  9.132350e+10  5.034748e+10  3.073291e+10  1.933365e+10  1.877801e+10  1.440857e+10  1.539225e+10  1.257630e+10  8.575653e+09  6.243678e+09  3.163775e+09  2.658388e+09  1.123329e+09  9.585006e+08  1.144355e+09
  1.092694e+09  1.087445e+09  1.697711e+09  3.202311e+09  6.511535e+09  1.091739e+10  6.134398e+09  1.870494e+09  1.880962e+09  3.553872e+09  2.234303e+09  1.429363e+09  7.228315e+08  4.939326e+08  4.799083e+08  6.820222e+08  1.676649e+09  7.394453e+09  3.427823e+10  1.970385e+11  1.444988e+11  8.141191e+10  4.605217e+10  2.792318e+10  1.558841e+10  1.214347e+10  1.359707e+10  1.747249e+10  1.158836e+10  7.385071e+09  4.185700e+09  2.273656e+09  1.594225e+09  5.249568e+08  6.895944e+08  8.306892e+08
  8.143586e+08  7.868652e+08  1.252165e+09  2.508338e+09  4.505293e+09  6.737637e+09  3.299447e+09  1.774377e+09  3.015406e+09  4.007502e+09  2.858489e+09  1.693522e+09  1.059884e+09  9.815075e+08  1.292454e+09  1.991217e+09  4.396555e+09  1.293161e+10  3.079927e+10  6.978560e+10  7.611940e+10  5.614150e+10  3.441948e+10  1.955878e+10  1.168826e+10  1.105869e+10  1.256809e+10  1.305638e+10  8.041417e+09  4.738786e+09  2.506413e+09  1.261821e+09  7.865338e+08  4.402143e+08  4.256874e+08  5.338482e+08
  5.410777e+08  5.297062e+08  7.796044e+08  1.221918e+09  2.113103e+09  4.470012e+09  3.433802e+09  3.031925e+09  3.595627e+09  3.808299e+09  2.621986e+09  1.549167e+09  1.321952e+09  1.921300e+09  2.449652e+09  3.139911e+09  5.110687e+09  8.732654e+09  1.046779e+10  2.173293e+10  3.589902e+10  2.967963e+10  1.688137e+10  9.168803e+09  7.513810e+09  9.737772e+09  7.317825e+09  6.334382e+09  3.792929e+09  2.221781e+09  1.214888e+09  7.805454e+08  5.390107e+08  4.547478e+08  2.669530e+08  3.425583e+08
  3.185438e+08  3.175898e+08  4.039122e+08  6.093980e+08  1.131603e+09  4.838215e+09  1.884137e+09  1.490146e+09  1.314582e+09  8.373468e+08  8.234428e+08  8.402257e+08  1.016338e+09  1.293858e+09  1.575714e+09  1.914509e+09  2.568810e+09  2.982258e+09  3.536854e+09  1.141616e+10  1.810754e+10  7.956056e+09  3.387807e+09  3.105516e+09  5.273107e+09  6.275626e+09  5.144459e+09  2.119590e+09  1.208522e+09  7.544980e+08  4.992238e+08  3.993321e+08  3.021744e+08  3.134791e+08  2.243129e+08  2.013352e+08
  1.356805e+08  1.347730e+08  1.462742e+08  2.023332e+08  2.663957e+08  2.959581e+08  1.572489e+08  1.361362e+08  1.283544e+08  1.631750e+08  2.107424e+08  2.690061e+08  3.392078e+08  3.803903e+08  4.343299e+08  5.346840e+08  6.763994e+08  1.005379e+09  1.763392e+09  3.066879e+09  1.999729e+09  9.654046e+08  9.651815e+08  1.630457e+09  2.928356e+09  2.846990e+09  1.228902e+09  4.393404e+08  2.865938e+08  2.266766e+08  1.927241e+08  1.966736e+08  1.438323e+08  1.741812e+08  1.448332e+08  1.175446e+08
  3.570308e+07  3.002122e+07  3.287337e+07  4.063910e+07  3.837826e+07  1.049603e+07  1.353344e+07  1.779065e+07  2.232514e+07  2.633184e+07  2.930063e+07  3.100208e+07  4.007687e+07  4.196106e+07  4.602702e+07  5.797491e+07  7.533178e+07  8.370911e+07  8.035037e+07  1.788162e+08  1.675616e+08  1.982967e+08  2.730138e+08  3.471583e+08  2.542661e+08  1.203321e+08  8.353103e+07  7.466301e+07  6.020476e+07  5.934348e+07  5.523408e+07  5.198943e+07  4.800424e+07  6.009760e+07  5.671621e+07  4.853314e+07
