  1.323498e+10  1.793766e+10  1.631017e+10  1.857320e+10  1.811239e+10  1.766158e+10  1.571419e+10  1.256700e+10  8.916827e+09  6.580510e+09  5.279716e+09  4.328826e+09  3.609847e+09  3.126020e+09  2.789964e+09  2.414052e+09  1.960456e+09  1.458689e+09  1.029457e+09  9.242820e+08  9.710388e+08  8.871179e+08  1.041611e+09  1.417475e+09  1.572226e+09  1.340991e+09  1.453090e+09  1.754907e+09  2.215065e+09  3.076739e+09  4.218686e+09  5.342050e+09  6.443967e+09  7.142115e+09  8.401080e+09  1.000058e+10
  1.956987e+10  3.114229e+10  8.383209e+10  3.564335e+11  5.865432e+10  2.023781e+11  1.671457e+11  2.595194e+10  1.101140e+10  7.625715e+09  1.956805e+10  1.974135e+10  7.208893e+09  3.121693e+09  2.433487e+09  1.876537e+09  1.460821e+09  1.197940e+09  1.093809e+09  8.654518e+08  1.013851e+09  1.795913e+09  2.513213e+09  2.920402e+09  2.945332e+09  3.175407e+09  3.802891e+09  4.966213e+09  5.724188e+09  6.449646e+09  6.896309e+09  8.174394e+09  1.177985e+10  2.182767e+10  1.742903e+10  1.219184e+10
  1.378211e+10  2.360751e+10  4.515595e+10  4.846983e+10  3.993800e+10  3.845420e+10  2.405183e+10  1.410207e+10  8.799335e+09  8.814049e+09  1.061165e+10  5.547155e+09  4.269354e+09  2.699762e+09  1.933055e+09  1.734776e+09  1.453601e+09  1.217987e+09  1.106289e+09  1.094680e+09  1.323115e+09  2.402644e+09  3.309903e+09  4.389507e+09  6.005360e+09  7.107990e+09  1.087878e+10  1.493808e+10  1.473451e+10  1.520553e+10  1.519940e+10  1.501816e+10  1.467324e+10  1.493131e+10  1.240255e+10  1.150563e+10
  1.890672e+10  2.983366e+10  3.997000e+10  3.695070e+10  2.747196e+10  2.298259e+10  1.904447e+10  1.296164e+10  9.873143e+09  7.977673e+09  7.066097e+09  5.561142e+09  5.414558e+09  4.715431e+09  3.267642e+09  3.780380e+09  3.731759e+09  2.729703e+09  2.116051e+09  1.859629e+09  1.860425e+09  3.196602e+09  4.623310e+09  6.960760e+09  1.022669e+10  1.280200e+10  1.719670e+10  3.408099e+10  5.420909e+10  4.117074e+10  3.012726e+10  2.934153e+10  2.371979e+10  2.251958e+10  2.229769e+10  2.267358e+10
  5.949414e+10  6.121912e+10  5.372135e+10  4.654096e+10  3.152969e+10  2.389288e+10  1.889334e+10  1.387555e+10  1.036949e+10  8.394899e+09  6.867122e+09  5.853433e+09  5.021772e+09  5.322052e+09  7.034922e+09  1.108494e+10  9.389658e+09  6.188307e+09  3.828286e+09  2.832097e+09  3.849033e+09  5.442240e+09  7.057265e+09  9.901778e+09  1.410284e+10  1.949333e+10  3.373655e+10  1.989992e+11  2.122570e+11  1.137348e+11  5.963374e+10  4.730543e+10  3.634603e+10  3.570667e+10  5.915891e+10  6.100101e+10
  6.223422e+11  1.667384e+11  8.695554e+10  5.892601e+10  3.738515e+10  2.518467e+10  1.890691e+10  1.404743e+10  1.079215e+10  8.367061e+09  6.852036e+09  5.599871e+09  4.558048e+09  4.279060e+09  2.302024e+10  4.719209e+10  2.055623e+10  1.123024e+10  6.300388e+09  5.063622e+09  5.915460e+09  7.345316e+09  9.084992e+09  1.288898e+10  1.852391e+10  3.154798e+10  4.418205e+10  8.473083e+10  1.207868e+11  6.257951e+10  6.120196e+10  7.976075e+10  2.197236e+11  6.964104e+10  8.444104e+11  5.490494e+11
  2.110318e+12  7.573241e+11  1.314702e+11  7.489969e+10  4.117965e+10  2.644428e+10  1.886252e+10  1.370191e+10  1.022991e+10  7.644386e+09  6.012803e+09  4.650655e+09  3.772160e+09  3.550493e+09  6.248896e+09  2.144940e+10  3.365496e+10  1.833757e+10  9.525613e+09  9.502451e+09  9.205822e+09  1.004148e+10  1.299360e+10  1.808187e+10  2.500282e+10  5.487536e+10  5.276045e+10  6.881189e+10  8.613345e+10  8.960144e+10  9.279402e+10  3.976157e+11  1.610014e+11  5.898406e+10  1.356176e+12  3.362932e+11
  1.326544e+12  4.082616e+11  1.262280e+11  7.780577e+10  4.442403e+10  2.616353e+10  1.802776e+10  1.231644e+10  8.713140e+09  6.284487e+09  4.584686e+09  3.563338e+09  2.935926e+09  2.425625e+09  3.848131e+09  9.361382e+09  3.149093e+10  3.726408e+10  1.418259e+10  1.476905e+10  1.392730e+10  1.519370e+10  1.899132e+10  2.559216e+10  3.908162e+10  1.063331e+11  1.089643e+11  9.578805e+10  8.452934e+10  8.639132e+10  1.045191e+11  2.535902e+11  1.053880e+11  3.946208e+10  3.660774e+10  4.413972e+10
  3.153344e+11  2.930820e+11  9.997516e+10  5.763027e+10  3.033248e+10  1.678218e+10  1.185448e+10  8.567452e+09  6.266384e+09  4.558929e+09  3.497382e+09  2.799404e+09  2.290195e+09  1.739699e+09  2.639736e+09  6.426817e+09  3.454156e+10  4.346905e+10  1.451641e+10  1.531558e+10  1.636671e+10  1.918249e+10  2.469303e+10  3.858683e+10  7.101004e+10  2.526792e+11  5.099539e+11  5.811197e+11  3.837375e+11  1.185452e+11  1.033884e+11  1.600864e+11  7.645413e+10  3.638184e+10  9.106807e+09  1.002927e+10
  9.755154e+10  1.528621e+11  5.257905e+10  2.839286e+10  1.290023e+10  8.082219e+09  6.349844e+09  5.116752e+09  4.185838e+09  3.521361e+09  2.880740e+09  2.306142e+09  1.955703e+09  1.604272e+09  1.481192e+09  4.816424e+09  2.139890e+10  1.483865e+10  1.427137e+10  1.671851e+10  2.095767e+10  2.674030e+10  3.831387e+10  6.637361e+10  1.664667e+11  5.541295e+11  5.557910e+11  3.094555e+11  6.838669e+11  1.400155e+12  3.539044e+11  3.282331e+11  1.058047e+11  2.768646e+10  1.324568e+10  1.119813e+10
  4.448417e+10  6.555860e+10  2.625571e+10  1.115437e+10  5.948934e+09  4.432957e+09  4.013182e+09  3.615976e+09  3.237306e+09  2.967964e+09  2.547133e+09  2.160789e+09  1.995154e+09  1.832184e+09  1.704869e+09  6.583119e+09  1.362752e+10  1.273514e+10  1.667744e+10  2.105379e+10  2.884792e+10  3.893880e+10  6.090684e+10  1.167666e+11  1.133145e+12  1.385241e+12  8.853391e+11  8.316086e+11  9.139929e+11  1.363643e+12  3.862907e+11  6.334788e+11  8.803792e+10  2.987510e+10  1.202998e+10  1.224659e+10
  2.527698e+10  1.504256e+10  1.188255e+10  5.454954e+09  3.246244e+09  2.808653e+09  2.920402e+09  2.848887e+09  2.636310e+09  2.432090e+09  2.286299e+09  2.165589e+09  2.211795e+09  2.279346e+09  2.224519e+09  8.632380e+09  1.116902e+10  1.735441e+10  2.171290e+10  2.826211e+10  3.772742e+10  5.537590e+10  9.216983e+10  1.859797e+11  1.606219e+12  1.636259e+12  1.895944e+12  1.948502e+12  1.573834e+12  1.789538e+12  4.018213e+11  3.804406e+11  6.116666e+10  3.271909e+10  1.016294e+10  9.221961e+09
  1.514571e+10  8.956218e+09  5.623308e+09  2.648918e+09  2.002009e+09  1.985030e+09  2.183720e+09  2.186076e+09  2.065092e+09  1.978813e+09  2.055621e+09  2.236385e+09  2.681005e+09  3.469792e+09  4.089537e+09  6.850328e+09  1.843959e+10  1.997916e+10  2.629470e+10  3.609131e+10  5.076332e+10  7.873312e+10  1.282734e+11  2.490688e+11  1.616629e+12  1.706527e+12  2.677524e+12  3.355809e+12  1.930928e+12  1.196419e+12  2.696067e+11  1.058200e+11  5.033935e+10  3.440197e+10  1.189441e+10  8.123425e+09
  8.865856e+09  4.168111e+09  2.694108e+09  1.448223e+09  1.341516e+09  1.530703e+09  1.634217e+09  1.646403e+09  1.601426e+09  1.716330e+09  2.004936e+09  2.499258e+09  3.531096e+09  5.676811e+09  8.191300e+09  8.681705e+09  1.093845e+10  4.401676e+10  3.237258e+10  4.330662e+10  6.485450e+10  9.900752e+10  1.564713e+11  2.534943e+11  6.771454e+11  9.437742e+11  1.349482e+12  1.773692e+12  1.187242e+12  3.792428e+11  1.738923e+11  4.874037e+10  5.439410e+10  3.309188e+10  1.354652e+10  5.825796e+09
  4.727775e+09  2.136860e+09  1.257388e+09  9.763522e+08  9.955917e+08  1.078671e+09  1.151349e+09  1.175859e+09  1.224123e+09  1.476170e+09  1.869935e+09  2.546785e+09  3.756923e+09  6.220182e+09  9.719340e+09  1.072893e+10  1.078596e+10  3.526791e+10  3.692725e+10  5.088723e+10  7.484068e+10  1.118992e+11  1.740157e+11  2.307963e+11  2.900155e+11  4.079619e+11  4.861771e+11  5.650359e+11  4.473515e+11  2.084777e+11  9.334202e+10  4.025581e+10  4.947982e+10  2.735429e+10  1.335599e+10  4.834854e+09
  3.224976e+09  1.267076e+09  1.389455e+09  7.357069e+08  7.924643e+08  8.228912e+08  8.428818e+08  8.557047e+08  9.184841e+08  1.083643e+09  1.339817e+09  1.767396e+09  2.540629e+09  3.955400e+09  6.712777e+09  1.008563e+10  1.112538e+10  1.590692e+10  3.571029e+10  6.839000e+10  6.566511e+10  9.425259e+10  1.536697e+11  1.850079e+11  1.969543e+11  2.420530e+11  3.225690e+11  2.585939e+11  1.895448e+11  1.075269e+11  4.431819e+10  3.727998e+10  3.430121e+10  2.140753e+10  9.494894e+09  4.366378e+09
  2.541547e+09  1.163395e+09  5.848298e+08  5.915720e+08  6.130869e+08  6.407782e+08  6.108374e+08  5.756625e+08  5.848548e+08  6.472636e+08  7.666646e+08  9.477091e+08  1.239379e+09  1.703877e+09  2.534530e+09  4.303741e+09  7.662956e+09  1.122120e+10  2.352909e+10  3.844386e+10  7.925008e+10  5.907170e+10  9.007407e+10  9.527008e+10  1.032943e+11  1.253399e+11  1.419269e+11  1.155923e+11  6.752410e+10  3.205951e+10  1.739327e+10  2.538041e+10  1.999369e+10  1.347776e+10  7.153127e+09  3.702913e+09
  2.340520e+09  9.295684e+08  5.750689e+08  4.883689e+08  4.370094e+08  3.883563e+08  3.319811e+08  2.959416e+08  3.052622e+08  3.435615e+08  4.025268e+08  4.950615e+08  5.902225e+08  7.134991e+08  8.884378e+08  1.194596e+09  2.394446e+09  5.630927e+09  1.325686e+10  1.709058e+10  4.131189e+10  2.973857e+10  3.530323e+10  3.322785e+10  3.911074e+10  4.554158e+10  5.098871e+10  3.887726e+10  2.207638e+10  1.546162e+10  6.648954e+09  9.542971e+09  9.820612e+09  7.555596e+09  5.513226e+09  3.095465e+09
  1.821056e+09  8.281664e+08  5.148511e+08  4.115215e+08  3.509023e+08  2.973010e+08  2.478643e+08  2.290153e+08  2.306147e+08  2.647666e+08  3.059222e+08  3.602892e+08  4.250550e+08  4.758434e+08  5.808767e+08  7.243907e+08  1.057608e+09  2.771550e+09  7.443366e+09  9.270805e+09  1.772396e+10  2.051371e+10  1.282454e+10  1.222587e+10  1.344490e+10  1.506399e+10  1.657558e+10  1.477867e+10  8.229657e+09  1.589239e+10  2.669361e+09  3.811007e+09  5.096413e+09  4.682042e+09  3.448305e+09  2.145983e+09
  1.482949e+09  6.664872e+08  4.328577e+08  3.670435e+08  3.332296e+08  3.130091e+08  2.790338e+08  2.642103e+08  2.752288e+08  3.132419e+08  3.882057e+08  4.679234e+08  5.449939e+08  6.307482e+08  6.901093e+08  8.131110e+08  9.862091e+08  1.760791e+09  5.023193e+09  6.539361e+09  8.162541e+09  1.068656e+10  6.231163e+09  5.918001e+09  5.604264e+09  4.980406e+09  5.372034e+09  7.804585e+09  4.531489e+09  4.173472e+09  1.496625e+09  1.839269e+09  2.734535e+09  3.069720e+09  2.387520e+09  1.620606e+09
  7.450483e+08  5.851453e+08  2.748712e+08  2.181136e+08  2.417136e+08  2.721250e+08  2.543834e+08  2.426411e+08  2.407639e+08  2.866947e+08  3.583282e+08  4.464350e+08  5.449607e+08  6.610990e+08  7.876970e+08  9.499403e+08  1.172026e+09  1.382668e+09  4.904353e+09  4.991069e+09  5.366892e+09  4.339366e+09  3.482264e+09  2.826092e+09  2.465624e+09  2.010093e+09  1.882799e+09  3.557628e+09  2.794961e+09  2.111255e+09  8.852438e+08  1.031069e+09  1.324011e+09  1.467264e+09  1.506920e+09  1.265547e+09
  6.198708e+08  3.960668e+08  2.055241e+08  1.699577e+08  1.684174e+08  2.320256e+08  2.225531e+08  2.107320e+08  1.960473e+08  2.076820e+08  2.531785e+08  3.283198e+08  4.213139e+08  5.244352e+08  6.807676e+08  9.370387e+08  1.422671e+09  1.881836e+09  6.815964e+09  5.172118e+09  4.567505e+09  3.441643e+09  2.243159e+09  1.702804e+09  1.626643e+09  1.415301e+09  1.088326e+09  2.329190e+09  1.828133e+09  1.324473e+09  5.433783e+08  6.301233e+08  6.782561e+08  6.750652e+08  7.127506e+08  7.618901e+08
  4.479548e+08  2.987913e+08  2.092848e+08  2.049436e+08  1.536521e+08  1.867834e+08  2.218118e+08  2.199137e+08  2.134485e+08  1.859231e+08  1.964464e+08  2.292278e+08  2.932681e+08  3.797651e+08  5.503312e+08  8.663459e+08  1.597514e+09  2.898759e+09  8.194802e+09  9.185865e+09  4.537717e+09  3.482581e+09  1.670512e+09  1.578495e+09  1.648292e+09  1.493255e+09  1.055183e+09  1.690482e+09  1.392086e+09  9.725736e+08  4.526732e+08  4.867648e+08  4.802280e+08  4.534695e+08  4.320834e+08  4.697475e+08
  3.371591e+08  2.365348e+08  2.564525e+08  2.622731e+08  2.687871e+08  1.932368e+08  2.339624e+08  2.543809e+08  2.399352e+08  2.121681e+08  1.853135e+08  2.004582e+08  2.346126e+08  2.775505e+08  4.208337e+08  6.985757e+08  1.446414e+09  3.214183e+09  1.025087e+10  2.938771e+10  6.312810e+09  4.460537e+09  2.185988e+09  1.809071e+09  1.838505e+09  1.706536e+09  1.233990e+09  1.469368e+09  1.002325e+09  9.332434e+08  5.948709e+08  4.790100e+08  4.501175e+08  4.182451e+08  3.873683e+08  3.783232e+08
  3.571739e+08  2.178010e+08  3.633092e+08  3.636253e+08  3.804175e+08  3.078388e+08  3.085861e+08  3.155935e+08  3.150892e+08  2.780821e+08  2.411494e+08  2.227949e+08  2.218005e+08  2.383699e+08  2.789395e+08  4.487307e+08  1.010637e+09  2.744654e+09  1.038016e+10  5.976045e+10  1.315595e+10  8.705235e+09  3.675125e+09  2.398910e+09  2.107085e+09  1.903057e+09  1.513512e+09  1.061288e+09  1.180784e+09  9.162824e+08  7.812516e+08  5.102720e+08  4.845422e+08  4.632041e+08  4.120365e+08  3.888647e+08
  4.049033e+08  4.099179e+08  4.642689e+08  4.921282e+08  4.960854e+08  4.492265e+08  4.073782e+08  3.982759e+08  4.015448e+08  3.626182e+08  3.139304e+08  2.802032e+08  2.585594e+08  2.462667e+08  2.556403e+08  3.173348e+08  6.284354e+08  2.224698e+09  9.766941e+09  1.141863e+11  3.132047e+10  1.417731e+10  6.616102e+09  3.954065e+09  2.800916e+09  2.186942e+09  1.764633e+09  1.267256e+09  1.580941e+09  1.404768e+09  1.000952e+09  6.234342e+08  5.682887e+08  5.048403e+08  4.633797e+08  4.252101e+08
  4.438433e+08  5.229845e+08  5.846223e+08  6.233427e+08  6.112762e+08  5.655882e+08  4.974266e+08  4.657609e+08  4.573046e+08  4.139132e+08  3.748454e+08  3.257886e+08  2.873611e+08  2.674149e+08  2.747541e+08  2.879768e+08  4.319818e+08  1.467702e+09  1.352322e+10  9.023534e+10  4.688491e+10  1.842167e+10  1.085157e+10  6.637432e+09  4.225620e+09  2.920251e+09  2.031938e+09  1.622524e+09  2.251114e+09  1.895005e+09  1.179671e+09  8.854148e+08  7.387056e+08  5.908266e+08  5.027682e+08  4.526594e+08
  5.143964e+08  5.632708e+08  6.743263e+08  7.209095e+08  7.061210e+08  6.115710e+08  5.819153e+08  5.315170e+08  4.697254e+08  4.214796e+08  3.849592e+08  3.321049e+08  2.963440e+08  2.648444e+08  2.545155e+08  2.602072e+08  3.432597e+08  9.082050e+08  8.742863e+09  1.285094e+11  7.017858e+10  2.718288e+10  1.513910e+10  9.571366e+09  6.272486e+09  4.232092e+09  2.715109e+09  2.030768e+09  3.128109e+09  2.576941e+09  1.719473e+09  1.329617e+09  1.073159e+09  8.610360e+08  6.742130e+08  5.615565e+08
  7.375784e+08  7.649997e+08  6.374002e+08  6.328850e+08  8.339123e+08  5.540648e+08  5.443705e+08  5.372952e+08  4.867238e+08  4.155627e+08  3.624282e+08  3.226149e+08  2.854568e+08  2.434636e+08  2.115405e+08  2.047287e+08  2.786304e+08  7.520387e+08  8.397563e+09  1.334242e+11  8.214312e+10  3.631634e+10  1.869283e+10  1.112642e+10  7.850544e+09  5.308269e+09  3.856927e+09  3.022578e+09  3.385794e+09  3.495880e+09  2.636015e+09  2.064454e+09  1.689994e+09  1.351981e+09  1.127860e+09  9.152723e+08
  1.116909e+09  9.077295e+08  7.810779e+08  7.435660e+08  8.890598e+08  5.882521e+08  5.806390e+08  5.833393e+08  5.202960e+08  4.390182e+08  3.629297e+08  3.139148e+08  2.801022e+08  2.504051e+08  2.148538e+08  1.942870e+08  2.367657e+08  6.221394e+08  7.907218e+09  3.723514e+11  7.949459e+10  3.916305e+10  2.129362e+10  1.315206e+10  8.757565e+09  6.399284e+09  4.959060e+09  3.831578e+09  3.395387e+09  2.981483e+09  2.603591e+09  2.452021e+09  2.019328e+09  1.734236e+09  1.465900e+09  1.336080e+09
  1.202120e+09  1.063340e+09  9.319982e+08  8.161365e+08  7.440600e+08  6.079434e+08  5.961546e+08  4.597307e+08  4.187315e+08  3.764875e+08  3.362632e+08  2.806784e+08  2.475270e+08  2.281361e+08  2.119882e+08  2.180268e+08  2.725867e+08  5.660625e+08  3.613103e+09  5.144658e+10  4.017210e+10  3.149016e+10  2.073085e+10  1.382116e+10  9.331396e+09  6.816003e+09  5.235604e+09  4.261473e+09  3.538015e+09  3.070429e+09  2.683215e+09  2.233426e+09  1.843606e+09  1.607266e+09  1.396707e+09  1.287944e+09
  8.651616e+08  8.434548e+08  8.189639e+08  7.352787e+08  6.598425e+08  5.490440e+08  5.050051e+08  3.836015e+08  3.157794e+08  2.927285e+08  2.740551e+08  2.384966e+08  2.096203e+08  1.893831e+08  1.749404e+08  1.829684e+08  2.377728e+08  4.431902e+08  1.838339e+09  8.026347e+09  1.766038e+10  1.988949e+10  1.590814e+10  1.130446e+10  7.956482e+09  5.710707e+09  4.231580e+09  3.424063e+09  3.058251e+09  2.822733e+09  2.433382e+09  1.952346e+09  1.590995e+09  1.332587e+09  1.139097e+09  9.587096e+08
  5.313854e+08  5.152950e+08  5.161420e+08  4.878677e+08  4.396550e+08  3.934563e+08  3.548799e+08  2.859297e+08  2.524559e+08  2.259916e+08  1.949467e+08  1.627099e+08  1.425532e+08  1.320650e+08  1.253789e+08  1.308745e+08  1.527682e+08  2.510920e+08  7.268109e+08  2.008447e+09  5.867081e+09  8.861963e+09  8.446791e+09  6.798142e+09  5.117094e+09  3.704942e+09  2.797230e+09  2.179995e+09  1.947592e+09  1.815208e+09  1.627133e+09  1.342082e+09  1.098453e+09  8.682673e+08  7.002079e+08  5.998932e+08
  2.966181e+08  2.683430e+08  2.677418e+08  2.634743e+08  2.430263e+08  2.158731e+08  1.925180e+08  1.687716e+08  1.563989e+08  1.373197e+08  1.130249e+08  9.112657e+07  7.748186e+07  6.973063e+07  6.244240e+07  6.632082e+07  8.306699e+07  1.223975e+08  3.287543e+08  7.757032e+08  1.767464e+09  2.905408e+09  3.110430e+09  3.020062e+09  2.557316e+09  2.042918e+09  1.599116e+09  1.246777e+09  1.072078e+09  9.537309e+08  8.915099e+08  7.536244e+08  5.914197e+08  4.649630e+08  3.788723e+08  3.277152e+08
  1.172315e+08  1.175314e+08  1.204399e+08  1.126651e+08  9.105033e+07  8.364367e+07  7.769025e+07  7.597507e+07  6.607235e+07  6.527866e+07  5.481895e+07  4.891126e+07  4.029174e+07  3.253531e+07  3.120734e+07  3.516380e+07  4.890192e+07  8.701440e+07  2.149555e+08  4.368447e+08  6.695017e+08  8.008331e+08  9.556573e+08  1.026219e+09  9.989119e+08  8.785074e+08  6.818364e+08  5.096971e+08  3.909075e+08  3.583668e+08  3.516087e+08  2.899149e+08  2.060663e+08  1.733610e+08  1.781667e+08  1.497850e+08
  7.355413e+06  7.320856e+06  7.382464e+06  7.323569e+06  7.703841e+06  8.080033e+06  9.369136e+06  1.055622e+07  1.183409e+07  1.301916e+07  2.170517e+07  3.151660e+07  3.272313e+07  3.250933e+07  3.673204e+07  3.645478e+07  4.642562e+07  5.701764e+07  7.432572e+07  9.549787e+07  9.545197e+07  1.211622e+08  1.587929e+08  2.147510e+08  2.158786e+08  1.640726e+08  9.166371e+07  4.526270e+07  2.367864e+07  1.539881e+07  1.135736e+07  1.009202e+07  9.209498e+06  9.212847e+06  8.563215e+06  8.379872e+06
