  4.687275e+08  4.299210e+08  4.203771e+08  4.303266e+08  4.384933e+08  4.241403e+08  3.969557e+08  3.865517e+08  3.745255e+08  3.454653e+08  3.036375e+08  2.659491e+08  2.377659e+08  2.269941e+08  2.141811e+08  1.987908e+08  1.944962e+08  1.649980e+08  1.389599e+08  1.768577e+08  1.955689e+08  9.094401e+07  7.588315e+07  1.725297e+08  2.638426e+08  2.877536e+08  4.042810e+08  4.575387e+08  4.206022e+08  4.471803e+08  4.924867e+08  5.185126e+08  4.961442e+08  5.029020e+08  5.312582e+08  5.217742e+08
  1.113652e+09  1.106421e+09  1.413120e+09  1.241924e+09  9.109197e+08  7.996326e+08  7.894481e+08  8.002264e+08  6.943927e+08  6.049878e+08  6.246837e+08  4.576834e+08  3.974972e+08  2.985267e+08  2.952163e+08  2.556381e+08  2.380568e+08  2.168900e+08  2.056960e+08  1.996892e+08  2.600628e+08  2.535634e+08  6.446861e+08  1.115702e+09  1.253729e+09  1.935417e+09  2.631019e+09  2.589434e+09  2.042319e+09  1.907925e+09  1.937637e+09  2.028309e+09  1.753979e+09  1.755238e+09  2.037026e+09  1.559518e+09
  2.679993e+09  3.367548e+09  3.963496e+09  3.798964e+09  4.183196e+09  3.046385e+09  2.304428e+09  1.971365e+09  1.400426e+09  1.134640e+09  1.320061e+09  1.520349e+09  1.136450e+09  5.770529e+08  3.833861e+08  4.245079e+08  3.657037e+08  2.850693e+08  3.016564e+08  2.775973e+08  3.862718e+08  8.267178e+08  1.324759e+09  2.600807e+09  4.718115e+09  6.088971e+09  9.948166e+09  4.560900e+09  5.885038e+09  5.321686e+09  5.248231e+09  4.830450e+09  3.919329e+09  3.811514e+09  3.715171e+09  3.131036e+09
  6.707122e+09  1.563995e+10  1.773532e+10  1.314450e+10  8.311986e+09  7.374654e+09  4.636632e+09  3.526588e+09  2.823974e+09  2.240922e+09  1.947823e+09  1.685939e+09  1.873106e+09  1.227641e+09  7.400324e+08  6.703417e+08  6.071670e+08  5.176173e+08  4.854576e+08  4.451050e+08  5.161548e+08  9.834755e+08  2.714661e+09  6.316862e+09  1.018741e+10  1.401475e+10  1.107633e+10  9.551794e+09  1.129865e+10  1.188776e+10  1.036170e+10  9.754198e+09  8.338561e+09  6.871216e+09  9.307063e+09  8.100734e+09
  2.895728e+10  6.805912e+10  6.334077e+10  3.697444e+10  1.799727e+10  1.288170e+10  8.423031e+09  5.957256e+09  4.512328e+09  3.543364e+09  2.872660e+09  2.406492e+09  2.120225e+09  2.250399e+09  1.371853e+09  1.566124e+09  1.240342e+09  8.831343e+08  7.002126e+08  5.752697e+08  8.187389e+08  1.832217e+09  5.766844e+09  1.246802e+10  1.773542e+10  1.808797e+10  2.273258e+10  2.053820e+10  2.146979e+10  1.856117e+10  1.478997e+10  1.667815e+10  1.716759e+10  1.668541e+10  2.154597e+10  2.243828e+10
  5.825324e+11  2.814595e+11  1.460430e+11  5.573686e+10  3.019645e+10  1.856649e+10  1.225706e+10  8.465099e+09  6.219073e+09  4.868429e+09  3.909714e+09  3.117007e+09  2.458292e+09  2.361716e+09  2.656676e+09  2.821315e+09  2.190805e+09  1.352483e+09  8.902977e+08  8.052048e+08  1.363172e+09  3.903276e+09  1.070737e+10  2.042578e+10  2.715777e+10  2.639100e+10  4.577655e+10  5.933770e+10  4.120057e+10  2.691492e+10  2.549757e+10  3.447471e+10  4.895333e+10  4.363718e+10  7.040135e+10  2.500789e+11
  1.554241e+12  4.439376e+11  1.460459e+11  6.638228e+10  3.601859e+10  2.170228e+10  1.459385e+10  1.036389e+10  7.681660e+09  5.808161e+09  4.473408e+09  3.389927e+09  2.510320e+09  2.135323e+09  5.052319e+09  4.181257e+09  2.788982e+09  1.838958e+09  1.070300e+09  1.348122e+09  2.691841e+09  6.845688e+09  1.632349e+10  2.851236e+10  3.875432e+10  4.870214e+10  7.284351e+10  1.045336e+11  8.861580e+10  6.680965e+10  6.139117e+10  7.167851e+10  1.143907e+11  9.623086e+10  4.069090e+11  2.261066e+11
  3.476226e+11  3.063322e+11  8.692845e+10  6.572765e+10  3.409609e+10  2.254338e+10  1.508040e+10  1.074467e+10  7.819653e+09  5.748284e+09  4.255979e+09  3.090574e+09  2.177704e+09  1.488589e+09  6.751706e+09  4.080705e+09  2.996443e+09  2.343890e+09  1.604558e+09  2.691729e+09  4.849425e+09  1.017980e+10  2.158426e+10  3.800762e+10  5.621063e+10  7.891241e+10  1.829365e+11  1.512766e+11  1.266072e+11  1.224058e+11  2.177841e+11  1.602949e+11  1.703765e+11  1.063101e+11  5.710158e+10  5.463655e+10
  1.200093e+11  1.496784e+11  5.680565e+10  3.624924e+10  2.297061e+10  1.476025e+10  1.014380e+10  7.407417e+09  5.600561e+09  4.210632e+09  3.147281e+09  2.256476e+09  1.539964e+09  1.026265e+09  3.615035e+09  2.554451e+09  3.665082e+09  2.923604e+09  2.835583e+09  4.637861e+09  7.062449e+09  1.395263e+10  2.796041e+10  5.153408e+10  9.250795e+10  2.206090e+11  5.576053e+11  3.429989e+11  2.729880e+11  1.286714e+11  2.747088e+11  3.139998e+11  3.139224e+11  1.085153e+11  1.645082e+10  2.091319e+10
  6.959198e+10  6.772852e+10  4.042630e+10  1.916247e+10  1.041480e+10  6.550310e+09  4.737106e+09  3.700326e+09  3.011948e+09  2.480984e+09  1.977415e+09  1.463146e+09  9.775473e+08  7.208017e+08  9.512295e+08  2.988664e+09  3.647676e+09  3.505523e+09  4.734274e+09  7.516690e+09  9.784236e+09  1.831372e+10  3.310401e+10  6.016668e+10  1.913881e+11  4.807711e+11  4.252358e+11  4.356148e+11  3.794834e+11  1.180542e+11  2.431851e+11  2.747107e+11  7.052546e+11  1.135691e+11  4.316176e+10  3.013069e+10
  2.906824e+10  3.012435e+10  2.419378e+10  8.332096e+09  4.598867e+09  2.919045e+09  2.206638e+09  1.838803e+09  1.569910e+09  1.377892e+09  1.162622e+09  8.751653e+08  6.067098e+08  5.080801e+08  5.047973e+08  2.246151e+09  2.643084e+09  4.705172e+09  6.722413e+09  1.014050e+10  1.186526e+10  2.023449e+10  3.485401e+10  6.756521e+10  2.920360e+11  6.785704e+11  1.858896e+11  2.909003e+11  2.095082e+11  1.079721e+11  1.323431e+11  2.329642e+11  4.260060e+11  1.027816e+11  4.084833e+10  2.637737e+10
  1.459258e+10  1.309332e+10  1.058087e+10  4.499013e+09  2.516332e+09  1.609568e+09  1.259821e+09  1.065105e+09  9.359289e+08  8.354048e+08  7.570164e+08  5.484514e+08  4.354768e+08  4.067336e+08  4.394605e+08  6.924718e+08  2.187087e+09  5.278321e+09  8.185066e+09  9.085465e+09  1.058161e+10  1.880051e+10  3.674432e+10  9.039685e+10  6.572520e+11  5.619843e+11  2.844926e+11  4.869251e+11  2.063148e+11  1.182089e+11  8.751755e+10  2.010318e+11  1.446168e+11  1.012445e+11  4.099899e+10  2.244477e+10
  1.184034e+10  8.303668e+09  7.316051e+09  3.235527e+09  1.738582e+09  1.123455e+09  8.829529e+08  7.595912e+08  6.866408e+08  6.011471e+08  5.133981e+08  4.133773e+08  3.493892e+08  3.843607e+08  5.505856e+08  7.907644e+08  2.309426e+09  5.341675e+09  7.262815e+09  8.140183e+09  1.090303e+10  1.972087e+10  4.412194e+10  1.071100e+11  4.405781e+11  3.703342e+11  5.367865e+11  7.829703e+11  3.003072e+11  1.984811e+11  5.887683e+10  1.210251e+11  8.101922e+10  7.911690e+10  4.439837e+10  3.280022e+10
  8.063511e+09  5.065493e+09  5.132455e+09  2.276281e+09  1.153504e+09  7.646810e+08  6.245677e+08  5.627004e+08  5.205293e+08  4.314690e+08  3.554604e+08  3.213186e+08  3.527352e+08  4.733716e+08  8.355754e+08  1.019658e+09  1.260895e+09  7.227493e+09  5.280404e+09  9.401912e+09  1.353700e+10  2.515534e+10  5.084668e+10  8.536146e+10  1.395264e+11  1.853657e+11  2.978491e+11  4.632263e+11  2.587819e+11  1.204845e+11  3.940079e+10  6.263498e+10  6.530375e+10  6.846127e+10  3.691325e+10  3.793117e+10
  6.499557e+09  3.768262e+09  3.448424e+09  1.582256e+09  8.449999e+08  6.021980e+08  5.080512e+08  4.668478e+08  4.266057e+08  3.620656e+08  3.296298e+08  3.636079e+08  4.572377e+08  6.895861e+08  1.127383e+09  1.223822e+09  1.331752e+09  5.654517e+09  5.494093e+09  1.325921e+10  1.897356e+10  3.211593e+10  5.072873e+10  6.059995e+10  6.591313e+10  1.147070e+11  1.520018e+11  1.784857e+11  1.423082e+11  7.601145e+10  3.541350e+10  4.373084e+10  5.910437e+10  5.035027e+10  2.081701e+10  2.554795e+10
  5.221108e+09  2.571402e+09  1.963348e+09  1.238064e+09  7.459533e+08  5.630020e+08  4.734050e+08  4.218819e+08  3.735800e+08  3.377422e+08  3.505293e+08  4.134123e+08  5.686415e+08  8.992882e+08  1.305734e+09  1.460724e+09  1.633604e+09  2.429154e+09  7.249435e+09  1.598824e+10  3.133579e+10  3.964738e+10  4.765547e+10  4.396824e+10  3.741053e+10  8.927461e+10  8.683385e+10  7.258564e+10  8.242406e+10  3.962263e+10  2.904237e+10  3.864533e+10  4.245827e+10  3.206085e+10  1.225358e+10  1.267682e+10
  3.581696e+09  1.727143e+09  1.435033e+09  9.085823e+08  6.145570e+08  4.365472e+08  3.262782e+08  2.595497e+08  2.119006e+08  2.017000e+08  2.360711e+08  3.222650e+08  4.815227e+08  6.953849e+08  9.730845e+08  1.500492e+09  2.417400e+09  3.449416e+09  8.594641e+09  1.263696e+10  4.716629e+10  5.117117e+10  5.096688e+10  4.270064e+10  3.245331e+10  3.939776e+10  3.532162e+10  4.260440e+10  4.037969e+10  1.396841e+10  2.441525e+10  3.223624e+10  2.342760e+10  1.708054e+10  8.951755e+09  5.637943e+09
  2.881020e+09  1.735784e+09  1.166666e+09  5.759272e+08  4.380822e+08  2.380465e+08  1.339368e+08  9.128390e+07  7.460218e+07  8.414642e+07  1.241755e+08  1.955702e+08  2.944427e+08  4.162933e+08  5.873882e+08  9.611738e+08  1.900945e+09  4.231131e+09  7.732111e+09  1.226276e+10  4.068071e+10  5.834353e+10  4.863880e+10  3.337388e+10  2.077363e+10  1.669256e+10  2.115394e+10  3.886051e+10  2.815753e+10  1.084468e+10  1.710082e+10  2.023029e+10  1.237822e+10  8.711026e+09  5.812852e+09  3.669523e+09
  3.272997e+09  2.079727e+09  1.166769e+09  4.866515e+08  3.551652e+08  2.013933e+08  8.251342e+07  4.483123e+07  3.804530e+07  4.916780e+07  8.214688e+07  1.404445e+08  2.237969e+08  3.363240e+08  5.132444e+08  9.581487e+08  2.038097e+09  3.211505e+09  1.010185e+10  1.695462e+10  3.275764e+10  6.215732e+10  3.860721e+10  2.441819e+10  2.025254e+10  1.827991e+10  1.825392e+10  3.800874e+10  3.013424e+10  1.185303e+10  9.875592e+09  1.624075e+10  1.092080e+10  6.358568e+09  4.495246e+09  3.752463e+09
  4.329543e+09  2.570610e+09  1.418282e+09  7.859542e+08  4.353673e+08  3.289550e+08  1.798190e+08  1.133970e+08  8.921063e+07  8.787925e+07  1.108382e+08  1.689142e+08  2.891649e+08  5.193301e+08  1.006128e+09  1.773950e+09  2.051707e+09  1.079529e+09  8.408094e+09  1.940546e+10  3.199447e+10  4.345871e+10  4.053767e+10  3.148425e+10  2.286979e+10  1.689253e+10  1.143622e+10  2.427113e+10  2.566817e+10  1.215168e+10  9.512796e+09  1.970265e+10  1.250777e+10  6.697401e+09  4.689700e+09  4.471532e+09
  5.468957e+09  4.608324e+09  2.159830e+09  1.083124e+09  7.326663e+08  4.587596e+08  3.102034e+08  2.465435e+08  2.199501e+08  2.247824e+08  2.732961e+08  4.002575e+08  6.316355e+08  9.256383e+08  1.124197e+09  8.233391e+08  4.937049e+08  2.097508e+08  4.399276e+09  1.321593e+10  2.032896e+10  2.106905e+10  2.054946e+10  1.568472e+10  8.923105e+09  5.564312e+09  3.301241e+09  7.319683e+09  1.721765e+10  1.140556e+10  1.005247e+10  1.662174e+10  9.204947e+09  5.180493e+09  3.946286e+09  4.532464e+09
  5.364316e+09  6.005487e+09  4.874740e+09  2.275763e+09  7.271476e+08  4.750534e+08  3.321838e+08  2.668821e+08  2.260996e+08  2.173308e+08  2.439026e+08  3.348365e+08  4.696078e+08  5.074976e+08  3.888648e+08  1.951570e+08  1.169064e+08  9.505700e+07  1.464438e+09  5.992254e+09  5.882598e+09  6.333991e+09  7.491742e+09  3.599746e+09  1.896391e+09  1.464173e+09  1.429469e+09  2.719620e+09  6.416673e+09  6.609807e+09  1.235155e+10  9.778584e+09  4.738927e+09  3.012782e+09  2.982336e+09  4.054417e+09
  5.037351e+09  6.875016e+09  1.001850e+10  5.761741e+09  1.122700e+09  5.114362e+08  3.535929e+08  2.695877e+08  2.230524e+08  1.908628e+08  1.793733e+08  1.934350e+08  2.296893e+08  2.317896e+08  1.692084e+08  8.456291e+07  5.440837e+07  7.195818e+07  2.590665e+08  2.664001e+09  1.590897e+09  1.458000e+09  2.946602e+09  9.810720e+08  5.791546e+08  7.338159e+08  1.458397e+09  2.431859e+09  1.821255e+09  2.452673e+09  1.226417e+10  3.977779e+09  2.165702e+09  1.771938e+09  2.333288e+09  3.491643e+09
  4.870247e+09  9.528404e+09  1.938825e+10  2.034900e+10  2.750776e+09  6.275116e+08  4.012351e+08  3.172097e+08  2.564123e+08  2.095522e+08  1.834294e+08  1.656895e+08  1.623587e+08  1.593182e+08  1.325211e+08  7.950964e+07  4.834152e+07  5.980105e+07  1.479110e+08  3.337714e+09  1.162579e+09  6.289603e+08  1.232851e+09  4.513664e+08  3.015160e+08  6.595310e+08  2.138358e+09  6.613298e+09  1.120361e+09  1.074487e+09  4.406498e+09  1.245710e+09  9.552628e+08  1.108609e+09  1.727388e+09  2.840449e+09
  4.611745e+09  1.722612e+10  3.330487e+10  3.670295e+10  6.937802e+09  9.589648e+08  5.588843e+08  3.997001e+08  3.280644e+08  2.741585e+08  2.414889e+08  2.155373e+08  1.941424e+08  1.773886e+08  1.430995e+08  9.063712e+07  5.241119e+07  5.371031e+07  1.223358e+08  1.106743e+10  2.149870e+09  9.450935e+08  7.997720e+08  4.090662e+08  2.840627e+08  5.804457e+08  2.504874e+09  2.337557e+10  1.798520e+09  9.010229e+08  1.183586e+09  6.378831e+08  5.509301e+08  7.705843e+08  1.327001e+09  2.248668e+09
  3.740579e+09  4.201506e+10  5.268498e+10  3.110192e+10  2.172355e+10  2.606262e+09  1.046993e+09  5.839594e+08  4.358767e+08  3.570389e+08  3.135363e+08  2.840417e+08  2.598254e+08  2.365262e+08  1.958133e+08  1.340905e+08  7.397689e+07  5.794015e+07  1.392360e+08  1.525595e+10  4.417076e+09  1.578582e+09  9.387058e+08  5.468060e+08  3.792672e+08  4.801915e+08  2.027389e+09  2.457481e+10  4.721401e+09  1.121370e+09  6.104150e+08  4.779232e+08  4.086280e+08  5.426871e+08  9.274216e+08  1.586263e+09
  2.470406e+09  2.692781e+10  6.973988e+10  5.018133e+10  4.837080e+10  5.876298e+09  2.294625e+09  9.930449e+08  6.108413e+08  4.598896e+08  3.728651e+08  3.161714e+08  2.787907e+08  2.524228e+08  2.213785e+08  1.726674e+08  1.096045e+08  7.194039e+07  1.676577e+08  8.802510e+09  5.966069e+09  2.232888e+09  1.390094e+09  8.030144e+08  5.295661e+08  5.239314e+08  1.418486e+09  1.339129e+10  1.063803e+10  2.046602e+09  6.482313e+08  4.917538e+08  3.942440e+08  4.324542e+08  6.224289e+08  1.019488e+09
  1.411960e+09  7.949135e+09  3.931805e+10  3.587809e+10  3.876250e+10  8.818327e+09  4.211429e+09  1.627502e+09  8.356460e+08  5.691515e+08  4.249616e+08  3.278670e+08  2.680136e+08  2.356150e+08  2.092680e+08  1.810576e+08  1.360709e+08  9.506063e+07  1.912079e+08  1.584968e+10  8.771436e+09  3.618182e+09  2.229217e+09  1.318130e+09  8.203335e+08  6.796838e+08  1.066457e+09  6.230685e+09  2.105571e+10  3.773758e+09  1.132047e+09  6.332976e+08  4.483301e+08  3.987631e+08  4.543112e+08  6.403906e+08
  8.692466e+08  3.065229e+09  9.251192e+09  1.376160e+10  1.686000e+10  9.131649e+09  4.626019e+09  1.946784e+09  9.640521e+08  6.204427e+08  4.396782e+08  3.282469e+08  2.574177e+08  2.160973e+08  1.834138e+08  1.623493e+08  1.356072e+08  1.114615e+08  2.744795e+08  5.675095e+10  1.613226e+10  7.230773e+09  4.068234e+09  2.419524e+09  1.565634e+09  1.140615e+09  1.189856e+09  2.606663e+09  8.292265e+09  5.451123e+09  2.060436e+09  9.467637e+08  6.154045e+08  4.845396e+08  4.437387e+08  4.876853e+08
  6.017660e+08  1.541392e+09  3.984749e+09  6.845528e+09  8.106315e+09  6.168750e+09  3.857163e+09  1.758256e+09  8.983313e+08  5.955967e+08  4.169453e+08  3.069685e+08  2.361350e+08  1.948648e+08  1.641759e+08  1.414663e+08  1.239885e+08  1.097479e+08  3.572659e+08  7.821757e+10  2.521157e+10  1.382486e+10  7.728927e+09  4.483803e+09  2.985981e+09  2.073572e+09  1.696051e+09  2.095691e+09  4.097355e+09  4.607205e+09  2.588711e+09  1.276225e+09  7.859237e+08  5.833171e+08  4.930256e+08  4.686414e+08
  4.620473e+08  9.151151e+08  2.069152e+09  3.482765e+09  4.084252e+09  3.660264e+09  3.184369e+09  1.077290e+09  7.348336e+08  5.463083e+08  4.075568e+08  2.938698e+08  2.221047e+08  1.775126e+08  1.474085e+08  1.238052e+08  1.093072e+08  1.013902e+08  2.963943e+08  7.553383e+10  3.277206e+10  2.189444e+10  1.329041e+10  8.053300e+09  5.095259e+09  3.586053e+09  2.625292e+09  2.297105e+09  2.714584e+09  3.021666e+09  2.359831e+09  1.440779e+09  9.089615e+08  6.635668e+08  5.170754e+08  4.254069e+08
  3.085951e+08  4.598577e+08  9.703340e+08  1.610568e+09  2.084277e+09  2.076422e+09  1.856231e+09  9.421141e+08  6.196208e+08  4.750719e+08  3.632562e+08  2.808639e+08  2.130966e+08  1.638162e+08  1.374001e+08  1.132497e+08  9.689713e+07  9.111945e+07  2.611645e+08  9.792548e+10  3.610630e+10  2.508361e+10  1.632080e+10  1.052960e+10  6.747816e+09  4.567108e+09  3.130129e+09  2.462722e+09  2.258231e+09  2.164172e+09  1.808661e+09  1.261691e+09  8.709526e+08  6.019766e+08  4.530566e+08  3.422769e+08
  1.855914e+08  2.123078e+08  3.590220e+08  5.962537e+08  8.635240e+08  1.016389e+09  9.679795e+08  6.946144e+08  4.971291e+08  3.706693e+08  2.762256e+08  2.156930e+08  1.715982e+08  1.390056e+08  1.140626e+08  9.954240e+07  8.453608e+07  7.882154e+07  1.572875e+08  7.269828e+09  1.235628e+10  1.276768e+10  1.047284e+10  7.807122e+09  5.330587e+09  3.551263e+09  2.413240e+09  1.743054e+09  1.378943e+09  1.197225e+09  1.022340e+09  7.934676e+08  5.751762e+08  4.031417e+08  2.932174e+08  2.235512e+08
  9.393112e+07  9.478232e+07  1.220694e+08  1.915499e+08  2.787896e+08  3.677328e+08  4.182368e+08  3.820385e+08  3.063856e+08  2.361541e+08  1.847734e+08  1.462229e+08  1.121689e+08  9.184344e+07  7.565240e+07  6.577731e+07  6.051077e+07  6.086097e+07  1.089660e+08  6.594819e+08  2.454254e+09  3.624192e+09  3.704772e+09  3.147507e+09  2.378537e+09  1.689428e+09  1.179135e+09  8.349991e+08  6.275123e+08  5.076212e+08  4.309854e+08  3.595104e+08  2.724556e+08  1.980861e+08  1.497635e+08  1.159176e+08
  3.057375e+07  3.586405e+07  4.493010e+07  5.552672e+07  7.965019e+07  1.049698e+08  1.254956e+08  1.285049e+08  1.106183e+08  9.434278e+07  7.840322e+07  6.524372e+07  5.629018e+07  4.690489e+07  3.956276e+07  3.683688e+07  3.770876e+07  4.594777e+07  8.871278e+07  2.467873e+08  4.060150e+08  5.899856e+08  6.819579e+08  6.962870e+08  6.569118e+08  5.432547e+08  3.933522e+08  2.699187e+08  1.929579e+08  1.673230e+08  1.476165e+08  8.813928e+07  6.183024e+07  5.048719e+07  4.466645e+07  3.405008e+07
  2.637984e+06  2.652189e+06  2.929240e+06  3.506845e+06  4.173259e+06  6.882518e+06  1.035640e+07  1.169376e+07  1.279598e+07  1.468175e+07  1.939758e+07  2.359752e+07  2.152970e+07  1.842931e+07  2.200995e+07  2.381441e+07  2.496972e+07  4.776194e+07  4.881032e+07  6.544038e+07  8.951669e+07  1.044735e+08  1.206977e+08  1.258661e+08  7.234585e+07  2.720134e+07  1.322936e+07  7.976021e+06  6.391052e+06  4.700165e+06  3.208162e+06  3.688143e+06  5.002073e+06  6.225525e+06  4.730636e+06  2.607384e+06
