  7.348649e+08  7.783084e+08  1.148763e+09  5.645473e+08  6.278869e+08  4.598539e+08  4.255087e+08  3.948544e+08  3.668112e+08  3.523831e+08  3.405110e+08  3.185558e+08  2.820456e+08  2.519230e+08  2.399799e+08  2.236633e+08  1.925846e+08  1.658177e+08  1.635307e+08  1.762530e+08  1.876104e+08  1.878060e+08  2.130236e+08  2.984405e+08  3.865582e+08  3.910916e+08  4.321316e+08  5.091280e+08  5.657634e+08  6.279725e+08  6.888582e+08  7.256091e+08  7.217875e+08  6.995250e+08  6.955133e+08  6.915027e+08
  1.964124e+09  1.680510e+09  1.567722e+09  1.650060e+09  1.594818e+09  1.303176e+09  1.146216e+09  1.033656e+09  8.797726e+08  8.178227e+08  8.532621e+08  7.647372e+08  5.832783e+08  4.973628e+08  4.938057e+08  4.174017e+08  2.967138e+08  2.263034e+08  2.100122e+08  2.197000e+08  3.200296e+08  5.994759e+08  1.001177e+09  1.278512e+09  1.512480e+09  1.508828e+09  1.632617e+09  2.028843e+09  2.347431e+09  2.495546e+09  2.684361e+09  3.042330e+09  3.023318e+09  2.730677e+09  2.465286e+09  2.282880e+09
  3.939755e+09  4.396011e+09  4.018155e+09  3.681238e+09  3.244917e+09  2.519771e+09  1.981813e+09  1.578989e+09  1.329916e+09  1.283625e+09  1.367193e+09  1.382767e+09  1.391229e+09  8.973180e+08  5.651996e+08  4.540004e+08  3.343886e+08  2.426417e+08  2.344119e+08  2.890261e+08  4.640540e+08  1.008513e+09  1.527978e+09  2.207048e+09  3.128478e+09  3.528708e+09  4.661317e+09  5.607633e+09  5.214247e+09  6.604131e+09  8.697048e+09  8.216405e+09  7.635811e+09  6.474231e+09  5.173535e+09  4.250413e+09
  1.242403e+10  1.260042e+10  9.258908e+09  6.390200e+09  3.869325e+09  3.532939e+09  2.848157e+09  2.234152e+09  1.974639e+09  1.797880e+09  1.634399e+09  1.489465e+09  1.541141e+09  1.480009e+09  8.107439e+08  5.489186e+08  3.924691e+08  2.801306e+08  3.178330e+08  5.095755e+08  9.019245e+08  1.575150e+09  2.598130e+09  3.780245e+09  4.960356e+09  6.805854e+09  7.257944e+09  9.022449e+09  1.084835e+10  1.293260e+10  1.556330e+10  1.917249e+10  1.931615e+10  1.205606e+10  1.066292e+10  1.102600e+10
  4.182440e+10  2.508390e+10  1.381976e+10  9.472224e+09  5.179546e+09  4.321964e+09  3.682292e+09  3.015527e+09  2.581995e+09  2.308866e+09  1.991137e+09  1.774852e+09  1.404096e+09  1.302303e+09  1.148088e+09  7.701159e+08  6.407184e+08  5.292477e+08  5.748074e+08  9.608308e+08  2.202533e+09  2.958045e+09  4.052649e+09  5.130030e+09  6.552887e+09  8.613494e+09  1.619294e+10  2.123712e+10  2.043915e+10  1.829516e+10  3.091858e+10  6.534538e+10  3.033623e+10  2.491012e+10  2.490739e+10  3.352903e+10
  1.623689e+11  4.016995e+10  1.794096e+10  8.567333e+09  5.431848e+09  4.414394e+09  3.876882e+09  3.265004e+09  2.823701e+09  2.505743e+09  2.133092e+09  1.744552e+09  1.301526e+09  9.895899e+08  1.784170e+09  1.271990e+09  1.220872e+09  1.244249e+09  1.302103e+09  2.120994e+09  3.415582e+09  4.235371e+09  5.829771e+09  6.453719e+09  7.924280e+09  1.481150e+10  2.309452e+10  3.257999e+10  3.326455e+10  2.137995e+10  5.440215e+10  7.149755e+10  2.462292e+11  5.772439e+10  7.199508e+10  2.477260e+11
  1.236045e+11  3.307361e+10  1.425116e+10  7.118201e+09  5.277786e+09  4.511045e+09  3.751865e+09  3.109425e+09  2.701684e+09  2.421064e+09  2.013535e+09  1.525081e+09  1.041911e+09  6.801112e+08  2.467043e+09  2.296222e+09  2.739567e+09  2.867437e+09  2.728690e+09  4.314873e+09  6.104999e+09  6.221290e+09  7.503950e+09  8.345352e+09  1.081502e+10  2.964604e+10  3.021469e+10  4.147279e+10  5.338698e+10  4.624751e+10  9.620986e+10  3.501364e+11  2.191837e+11  5.884688e+10  5.054954e+11  1.480518e+11
  4.438430e+10  2.061091e+10  8.224495e+09  7.522005e+09  5.045913e+09  4.110540e+09  3.352315e+09  2.781874e+09  2.524935e+09  2.129162e+09  1.761330e+09  1.308780e+09  8.602508e+08  4.675221e+08  3.749006e+09  3.458982e+09  7.372591e+09  7.251791e+09  5.084423e+09  7.668586e+09  8.003422e+09  7.847554e+09  9.801793e+09  1.180399e+10  1.807423e+10  6.006706e+10  7.926209e+10  6.702651e+10  4.275958e+10  5.304440e+10  1.349666e+11  2.483921e+11  3.873246e+11  5.801172e+10  6.635220e+10  4.607376e+10
  1.855551e+10  1.097417e+10  5.724815e+09  4.893126e+09  3.758491e+09  3.114252e+09  2.752018e+09  2.394392e+09  2.292923e+09  1.963502e+09  1.681134e+09  1.202536e+09  7.670757e+08  4.867839e+08  2.069003e+09  4.045467e+09  1.687363e+10  1.379803e+10  8.737923e+09  9.330566e+09  9.546135e+09  1.025767e+10  1.347143e+10  1.880132e+10  3.427669e+10  1.568555e+11  4.534770e+11  4.936253e+11  7.826969e+10  7.910111e+10  1.294987e+11  4.759387e+11  6.779423e+11  1.844824e+11  2.744158e+10  1.703028e+10
  9.266013e+09  6.574456e+09  3.814319e+09  2.874644e+09  2.397761e+09  2.213025e+09  2.177670e+09  2.151730e+09  2.158231e+09  2.017122e+09  1.781767e+09  1.270619e+09  8.456149e+08  5.895908e+08  1.096555e+09  5.405606e+09  1.370341e+10  9.035031e+09  1.124824e+10  1.225729e+10  1.321862e+10  1.537705e+10  2.166923e+10  3.551551e+10  9.343334e+10  3.333163e+11  4.538382e+11  2.240318e+11  6.074959e+11  1.012236e+12  3.569382e+11  3.984923e+11  6.630789e+11  4.199753e+11  4.115467e+10  1.616827e+10
  6.536985e+09  4.555235e+09  2.571878e+09  1.779671e+09  1.662245e+09  1.759998e+09  1.897906e+09  2.085955e+09  2.310095e+09  2.208342e+09  1.944160e+09  1.460763e+09  1.061081e+09  7.817178e+08  1.091221e+09  8.129912e+09  8.494612e+09  8.995991e+09  1.574315e+10  1.829929e+10  1.916115e+10  2.401037e+10  3.657242e+10  6.798655e+10  8.302228e+11  8.611624e+11  6.591159e+11  8.243315e+11  9.111372e+11  6.119663e+11  4.045343e+11  5.161608e+11  2.426210e+11  2.484050e+11  4.845479e+10  1.575721e+10
  7.378589e+09  2.401135e+09  1.672207e+09  1.325414e+09  1.296998e+09  1.376172e+09  1.737132e+09  2.146604e+09  2.516585e+09  2.719428e+09  2.281437e+09  1.888101e+09  1.489067e+09  1.247514e+09  1.574766e+09  8.559608e+09  9.346625e+09  1.789765e+10  1.972739e+10  2.497244e+10  2.963968e+10  3.761768e+10  5.875307e+10  1.143016e+11  1.159885e+12  1.117312e+12  1.381679e+12  1.687354e+12  1.428076e+12  1.068530e+12  4.021526e+11  5.015806e+11  9.003883e+10  8.941783e+10  3.423421e+10  1.245906e+10
  5.283190e+09  2.071508e+09  1.423582e+09  1.141816e+09  1.118970e+09  1.259558e+09  1.587160e+09  2.085882e+09  2.547614e+09  2.952947e+09  2.855282e+09  2.668748e+09  2.343074e+09  2.207973e+09  2.737307e+09  6.717736e+09  2.551088e+10  2.364047e+10  2.622311e+10  3.568433e+10  4.234379e+10  5.779078e+10  8.901425e+10  1.668680e+11  1.124988e+12  1.281990e+12  1.714032e+12  2.122059e+12  1.495940e+12  7.479960e+11  1.977144e+11  7.811583e+10  6.575640e+10  5.467523e+10  2.433309e+10  1.361494e+10
  5.828041e+09  2.697920e+09  1.489641e+09  1.112386e+09  9.463732e+08  1.116492e+09  1.366410e+09  1.748776e+09  2.309956e+09  2.880546e+09  3.318697e+09  3.591059e+09  3.803908e+09  4.255845e+09  5.152259e+09  6.870517e+09  1.084551e+10  5.666555e+10  3.157224e+10  4.437644e+10  5.774717e+10  7.784642e+10  1.085200e+11  1.744902e+11  5.549519e+11  8.546819e+11  1.399714e+12  1.264064e+12  1.051501e+12  3.075263e+11  1.282481e+11  4.576287e+10  5.020669e+10  3.885221e+10  2.409440e+10  1.162096e+10
  6.227633e+09  2.940591e+09  1.588767e+09  1.063246e+09  8.527636e+08  8.445870e+08  1.081704e+09  1.393685e+09  1.872790e+09  2.521413e+09  3.192844e+09  3.986646e+09  4.854497e+09  6.116414e+09  7.686450e+09  9.651408e+09  1.376715e+10  3.729469e+10  3.725553e+10  5.584707e+10  7.142397e+10  9.684503e+10  1.226618e+11  1.512336e+11  2.330719e+11  4.200039e+11  5.808181e+11  4.761557e+11  4.891508e+11  1.752024e+11  5.733956e+10  3.274486e+10  3.321750e+10  2.837799e+10  1.896288e+10  8.715753e+09
  4.645510e+09  2.613986e+09  2.112431e+09  1.039228e+09  8.344633e+08  7.783176e+08  8.964953e+08  1.135328e+09  1.426917e+09  1.821998e+09  2.259315e+09  2.679653e+09  3.214732e+09  4.034651e+09  5.442533e+09  8.115816e+09  1.202210e+10  1.891187e+10  3.644683e+10  7.163945e+10  7.718124e+10  9.514090e+10  1.140083e+11  1.127723e+11  1.220064e+11  2.000033e+11  2.140104e+11  2.148968e+11  1.767923e+11  8.189897e+10  3.502641e+10  2.189081e+10  2.018003e+10  1.622362e+10  1.100825e+10  5.890387e+09
  3.316536e+09  2.947973e+09  1.478871e+09  1.014605e+09  7.673308e+08  7.554774e+08  7.944970e+08  9.223123e+08  1.075681e+09  1.228018e+09  1.383533e+09  1.480975e+09  1.549169e+09  1.837545e+09  2.190663e+09  3.124108e+09  5.137609e+09  8.722241e+09  2.437247e+10  4.349918e+10  7.977174e+10  6.611738e+10  7.421240e+10  6.282447e+10  6.139259e+10  6.532917e+10  7.204834e+10  8.253505e+10  5.830722e+10  2.264138e+10  1.865003e+10  1.337676e+10  1.098452e+10  8.429573e+09  5.888025e+09  3.691321e+09
  2.813409e+09  2.346795e+09  1.065566e+09  9.338448e+08  7.231172e+08  6.549232e+08  6.831751e+08  7.481398e+08  8.190816e+08  8.400990e+08  8.760110e+08  9.314646e+08  8.825033e+08  9.645617e+08  9.523773e+08  1.199795e+09  2.016570e+09  2.775755e+09  1.618039e+10  2.357210e+10  4.356638e+10  3.730133e+10  4.109295e+10  2.902956e+10  2.412832e+10  2.095770e+10  2.139438e+10  2.928928e+10  1.773696e+10  8.943230e+09  5.698804e+09  5.356561e+09  5.560564e+09  4.558485e+09  3.176829e+09  2.354912e+09
  1.948305e+09  1.864867e+09  8.573427e+08  8.498979e+08  7.252783e+08  6.222592e+08  6.511189e+08  6.820485e+08  7.189645e+08  6.951006e+08  7.261761e+08  7.752677e+08  7.743269e+08  7.273579e+08  6.437249e+08  6.760452e+08  9.777227e+08  1.096152e+09  1.016719e+10  1.388161e+10  2.091447e+10  2.393266e+10  1.950946e+10  1.264300e+10  8.554748e+09  6.798405e+09  7.042399e+09  1.188835e+10  6.943609e+09  5.025057e+09  1.966451e+09  2.365372e+09  2.995729e+09  2.730147e+09  1.919977e+09  1.547918e+09
  2.413816e+09  1.522849e+09  9.592801e+08  9.397027e+08  7.034355e+08  5.877964e+08  6.248200e+08  6.328827e+08  6.614115e+08  6.626906e+08  7.159961e+08  7.566052e+08  8.138970e+08  7.563667e+08  6.566798e+08  5.818302e+08  6.422837e+08  6.954986e+08  6.733895e+09  8.544143e+09  9.856617e+09  1.214783e+10  8.212786e+09  5.829508e+09  3.890312e+09  2.687203e+09  2.686469e+09  5.594512e+09  3.704648e+09  2.654641e+09  1.291371e+09  1.373276e+09  1.890165e+09  1.850312e+09  1.643745e+09  1.489505e+09
  1.626770e+09  1.945693e+09  1.249960e+09  7.108752e+08  4.997853e+08  4.816568e+08  5.058509e+08  5.003162e+08  4.983178e+08  5.186375e+08  5.723766e+08  6.081400e+08  6.032246e+08  5.644034e+08  4.878130e+08  3.950391e+08  3.956440e+08  3.823595e+08  4.841049e+09  4.945005e+09  5.239327e+09  5.021735e+09  4.115691e+09  2.687322e+09  1.980553e+09  1.568000e+09  1.463425e+09  4.116857e+09  2.685694e+09  1.886463e+09  1.066059e+09  9.672140e+08  1.212116e+09  1.335570e+09  1.490221e+09  1.667024e+09
  2.365993e+09  2.772566e+09  2.113190e+09  1.306385e+09  3.735266e+08  3.912436e+08  3.959081e+08  3.974466e+08  3.841389e+08  3.881267e+08  4.222204e+08  4.420357e+08  4.180656e+08  3.708389e+08  3.191953e+08  2.741229e+08  2.627136e+08  2.660844e+08  2.356195e+09  2.743621e+09  2.873207e+09  2.494651e+09  2.107341e+09  1.366374e+09  1.270652e+09  1.254530e+09  1.241044e+09  3.732428e+09  2.454842e+09  1.749140e+09  8.640712e+08  7.371420e+08  8.395653e+08  1.012045e+09  1.353092e+09  1.811940e+09
  2.640828e+09  4.271634e+09  6.469410e+09  3.833619e+09  4.181742e+08  3.432941e+08  3.505186e+08  3.588902e+08  3.536707e+08  3.401382e+08  3.415998e+08  3.357148e+08  3.030913e+08  2.707298e+08  2.357431e+08  2.266894e+08  2.335631e+08  2.872797e+08  8.079012e+08  1.803231e+09  1.558421e+09  1.367654e+09  9.094529e+08  8.475377e+08  9.686104e+08  1.191872e+09  1.490024e+09  5.100654e+09  3.981580e+09  1.837036e+09  8.123467e+08  6.143706e+08  6.580469e+08  8.097800e+08  1.146980e+09  1.773605e+09
  2.673106e+09  5.865280e+09  3.087339e+10  9.493152e+09  1.147923e+09  3.455686e+08  3.433827e+08  3.499574e+08  3.472886e+08  3.394436e+08  3.277878e+08  3.113323e+08  2.661613e+08  2.252298e+08  1.981121e+08  1.921521e+08  2.204305e+08  2.985096e+08  5.208172e+08  1.534255e+09  1.084826e+09  9.085794e+08  6.507501e+08  5.791916e+08  6.871778e+08  1.016129e+09  1.844859e+09  8.755964e+09  2.172050e+10  2.585378e+09  1.733557e+09  5.531081e+08  5.329952e+08  6.178783e+08  8.540404e+08  1.452410e+09
  2.428678e+09  9.787503e+09  7.790254e+10  5.077129e+10  1.909387e+09  4.095713e+08  3.570580e+08  3.713864e+08  3.834028e+08  3.855877e+08  3.779674e+08  3.646603e+08  3.229961e+08  2.655218e+08  2.081499e+08  1.849461e+08  1.908250e+08  2.707034e+08  6.172781e+08  2.725523e+09  9.789306e+08  7.258700e+08  5.330426e+08  4.168840e+08  4.606582e+08  7.314786e+08  1.886885e+09  1.026086e+10  3.585412e+10  2.599449e+09  1.053954e+10  5.096448e+08  4.266866e+08  4.573132e+08  5.993046e+08  1.006272e+09
  1.732245e+09  2.295719e+10  8.933074e+10  4.413386e+10  4.295039e+09  6.302151e+08  4.401579e+08  4.244238e+08  4.450898e+08  4.580949e+08  4.564793e+08  4.393592e+08  4.104370e+08  3.568342e+08  2.715337e+08  2.052417e+08  1.766765e+08  2.359943e+08  7.811175e+08  6.912088e+09  1.472650e+09  5.874815e+08  5.284990e+08  3.885312e+08  3.313634e+08  4.315972e+08  1.230631e+09  1.292443e+10  2.060772e+10  2.881764e+09  1.567896e+10  5.787723e+08  4.001718e+08  3.559253e+08  3.925281e+08  5.922856e+08
  1.031906e+09  1.432244e+10  4.247817e+10  2.691227e+10  7.985173e+09  1.143411e+09  7.092276e+08  5.645846e+08  5.477882e+08  5.366999e+08  5.296796e+08  5.038909e+08  4.743850e+08  4.320742e+08  3.580785e+08  2.575311e+08  1.887436e+08  1.958960e+08  1.407708e+09  8.751324e+09  2.376480e+09  7.157269e+08  5.871478e+08  4.451161e+08  3.257746e+08  2.966903e+08  5.442607e+08  3.894471e+09  2.522991e+10  4.004088e+09  2.016819e+09  7.484777e+08  4.797043e+08  3.558610e+08  3.185453e+08  3.765162e+08
  5.147548e+08  2.519747e+09  7.117243e+09  6.276005e+10  1.111344e+10  2.020800e+09  1.304973e+09  8.758019e+08  7.247476e+08  6.325565e+08  5.834459e+08  5.369955e+08  4.958465e+08  4.542461e+08  4.051240e+08  3.338118e+08  2.352161e+08  1.837724e+08  9.280346e+08  8.241661e+09  2.578632e+09  9.579055e+08  7.049554e+08  5.424913e+08  4.021589e+08  3.025394e+08  3.156499e+08  1.188997e+09  1.483171e+10  4.792098e+09  2.373136e+09  1.109066e+09  6.904715e+08  4.997648e+08  3.957355e+08  3.556735e+08
  5.186093e+08  1.026753e+09  2.417939e+09  5.143699e+09  7.118203e+09  2.826452e+09  1.868886e+09  1.280756e+09  8.677474e+08  6.991105e+08  6.081716e+08  5.343156e+08  4.792163e+08  4.299032e+08  3.972167e+08  3.545771e+08  2.859398e+08  2.153562e+08  3.558774e+08  1.846883e+09  1.387734e+09  1.066337e+09  7.987601e+08  6.069501e+08  4.779287e+08  3.666644e+08  3.123295e+08  5.435539e+08  2.776515e+09  3.862778e+09  3.025875e+09  1.642089e+09  1.037777e+09  7.653575e+08  6.148882e+08  5.266630e+08
  6.227757e+08  7.501866e+08  1.460902e+09  2.512695e+09  3.445030e+09  2.680867e+09  2.029707e+09  1.476969e+09  9.045770e+08  7.040278e+08  6.047387e+08  5.127424e+08  4.433882e+08  3.947728e+08  3.549416e+08  3.258143e+08  2.850913e+08  2.451557e+08  2.753010e+08  5.680750e+08  8.055471e+08  9.083043e+08  7.683728e+08  6.002436e+08  4.888490e+08  4.043666e+08  3.428263e+08  4.221821e+08  1.053881e+09  2.461463e+09  2.682047e+09  1.940119e+09  1.354200e+09  1.006702e+09  7.976090e+08  6.729717e+08
  5.576140e+08  6.269848e+08  9.860909e+08  1.558787e+09  1.984868e+09  1.935768e+09  1.674830e+09  1.116949e+09  8.022406e+08  6.419730e+08  5.477425e+08  4.638433e+08  4.001383e+08  3.462093e+08  3.042690e+08  2.806572e+08  2.532392e+08  2.388534e+08  2.855132e+08  2.693990e+08  3.982967e+08  5.880808e+08  5.652164e+08  4.846639e+08  3.998551e+08  3.460496e+08  3.062562e+08  3.314020e+08  5.837349e+08  1.237314e+09  1.785586e+09  1.646776e+09  1.251352e+09  9.492625e+08  7.393083e+08  6.054430e+08
  3.406154e+08  3.731011e+08  5.669818e+08  8.977168e+08  1.163025e+09  1.217829e+09  1.134261e+09  8.162058e+08  6.229356e+08  5.254613e+08  4.443252e+08  3.789453e+08  3.187194e+08  2.754677e+08  2.442882e+08  2.125966e+08  1.990708e+08  1.962097e+08  2.185080e+08  1.649355e+08  2.051032e+08  3.112137e+08  3.377873e+08  3.131305e+08  2.625821e+08  2.219889e+08  2.113885e+08  2.160997e+08  3.335495e+08  6.389166e+08  9.556593e+08  1.004713e+09  8.259744e+08  6.198011e+08  4.679186e+08  3.767120e+08
  1.638222e+08  1.825999e+08  2.710609e+08  4.451547e+08  6.134912e+08  6.853642e+08  6.600424e+08  5.319237e+08  4.353910e+08  3.561458e+08  2.978333e+08  2.550237e+08  2.129340e+08  1.854755e+08  1.604623e+08  1.422526e+08  1.289395e+08  1.257705e+08  1.260251e+08  1.011492e+08  1.109394e+08  1.436201e+08  1.632980e+08  1.619130e+08  1.390001e+08  1.216711e+08  1.105401e+08  1.110844e+08  1.532236e+08  2.377323e+08  3.661471e+08  4.408530e+08  4.103192e+08  3.225138e+08  2.374027e+08  1.859041e+08
  8.694733e+07  9.943572e+07  1.412551e+08  2.140281e+08  2.814471e+08  3.263985e+08  3.283384e+08  2.850027e+08  2.476943e+08  2.075471e+08  1.783538e+08  1.512705e+08  1.278617e+08  1.087563e+08  9.210555e+07  8.013232e+07  7.384775e+07  6.797983e+07  6.393807e+07  5.692848e+07  5.860560e+07  6.436044e+07  7.048741e+07  7.086287e+07  6.664438e+07  5.945739e+07  5.184705e+07  5.356666e+07  7.265473e+07  1.067099e+08  1.423826e+08  1.667967e+08  1.607290e+08  1.344375e+08  1.070359e+08  8.987756e+07
  4.016513e+07  4.675899e+07  5.975002e+07  8.222357e+07  1.074136e+08  1.198061e+08  1.254522e+08  1.192502e+08  1.100569e+08  1.023122e+08  9.018012e+07  7.901387e+07  6.860914e+07  5.924794e+07  5.001984e+07  4.215880e+07  3.685209e+07  3.419320e+07  3.360925e+07  3.245159e+07  3.104606e+07  2.898769e+07  2.968200e+07  2.963212e+07  2.847355e+07  2.775885e+07  2.702673e+07  2.966787e+07  3.846421e+07  4.666895e+07  5.212879e+07  5.693488e+07  5.255791e+07  4.232594e+07  4.069452e+07  3.853054e+07
  3.823470e+06  3.700985e+06  4.077666e+06  5.122649e+06  7.007316e+06  9.953407e+06  1.440652e+07  1.923225e+07  2.141899e+07  2.359443e+07  2.872522e+07  3.279889e+07  3.321082e+07  3.003813e+07  2.550280e+07  2.140618e+07  1.851732e+07  1.615700e+07  1.400970e+07  1.200602e+07  1.008685e+07  8.771426e+06  9.291115e+06  9.780963e+06  9.949716e+06  9.475792e+06  8.620126e+06  8.068387e+06  7.656936e+06  7.218930e+06  6.540310e+06  5.380453e+06  4.505871e+06  4.507932e+06  5.010594e+06  4.540352e+06
