  8.159820e-12  1.056351e-11  3.806875e-11  4.655299e-12  6.596598e-12  2.906110e-12  2.553412e-12  2.266943e-12  2.089468e-12  1.986683e-12  1.904573e-12  1.778969e-12  1.569841e-12  1.458739e-12  1.416437e-12  1.335244e-12  1.136588e-12  8.932720e-13  7.907274e-13  8.313293e-13  9.371714e-13  1.118050e-12  1.891756e-12  3.181263e-12  4.003553e-12  3.894719e-12  3.939934e-12  4.736054e-12  5.744353e-12  7.187584e-12  8.514967e-12  9.123654e-12  9.043564e-12  8.343315e-12  7.794404e-12  7.149698e-12
  1.576003e-11  1.143480e-11  9.373722e-12  8.731052e-12  7.987831e-12  6.648242e-12  5.649636e-12  5.371497e-12  4.748815e-12  4.427728e-12  4.512938e-12  4.258073e-12  3.175819e-12  3.511965e-12  4.579754e-12  3.451269e-12  1.726163e-12  1.033163e-12  8.538967e-13  9.820332e-13  1.765532e-12  3.981883e-12  8.637477e-12  1.324166e-11  1.752900e-11  1.565590e-11  1.491646e-11  1.780690e-11  1.963161e-11  2.296184e-11  2.712013e-11  3.424231e-11  2.895460e-11  2.483058e-11  2.123090e-11  1.918146e-11
  2.852966e-11  2.590645e-11  2.215264e-11  2.147102e-11  1.787584e-11  1.360007e-11  1.069156e-11  8.403233e-12  7.540627e-12  7.581503e-12  8.431172e-12  1.030506e-11  8.711688e-12  5.367375e-12  3.817996e-12  2.346038e-12  1.344993e-12  1.060719e-12  8.576894e-13  1.215886e-12  2.800010e-12  7.104272e-12  1.421797e-11  2.090998e-11  3.214080e-11  3.793554e-11  5.210576e-11  6.779974e-11  6.907772e-11  7.079903e-11  1.091097e-10  6.836823e-11  6.478406e-11  5.785781e-11  4.423618e-11  3.377269e-11
  7.878558e-11  7.566018e-11  5.886053e-11  4.067498e-11  2.467236e-11  2.058157e-11  1.670943e-11  1.278979e-11  1.160084e-11  1.143029e-11  1.126178e-11  1.102987e-11  1.161440e-11  8.165980e-12  4.015933e-12  2.277995e-12  1.109803e-12  7.277531e-13  1.037785e-12  2.081247e-12  8.311426e-12  1.677637e-11  2.959825e-11  3.897070e-11  5.682724e-11  8.012702e-11  8.621046e-11  9.645260e-11  1.065793e-10  1.144989e-10  1.254479e-10  1.460037e-10  2.292844e-10  1.084265e-10  9.198865e-11  8.454330e-11
  2.508021e-10  1.847446e-10  9.945482e-11  6.295496e-11  3.439484e-11  2.733682e-11  2.263215e-11  1.846865e-11  1.612458e-11  1.508379e-11  1.400468e-11  1.352510e-11  1.108741e-11  9.296850e-12  5.416254e-12  3.235850e-12  2.501005e-12  1.636959e-12  2.080099e-12  7.395812e-12  2.683268e-11  3.946528e-11  5.048447e-11  5.957140e-11  8.221958e-11  1.161140e-10  1.562063e-10  1.836708e-10  1.782484e-10  1.602520e-10  2.235405e-10  2.532850e-10  2.941711e-10  1.673157e-10  2.128119e-10  2.363783e-10
  1.084395e-09  3.244142e-10  1.462452e-10  7.133027e-11  4.008414e-11  3.057618e-11  2.588479e-11  2.130810e-11  1.903573e-11  1.763014e-11  1.650628e-11  1.433230e-11  1.117600e-11  9.483645e-12  9.799410e-12  5.850937e-12  5.593854e-12  6.322662e-12  8.238366e-12  2.525058e-11  4.113981e-11  4.985641e-11  6.356081e-11  7.544478e-11  9.965982e-11  1.634243e-10  2.190538e-10  3.130131e-10  2.728981e-10  1.828981e-10  4.481313e-10  6.097006e-10  2.660802e-09  3.465288e-10  9.562258e-10  1.762243e-09
  7.452234e-10  2.543229e-10  1.153484e-10  5.713928e-11  3.832799e-11  3.031597e-11  2.465808e-11  2.123832e-11  1.924865e-11  1.795439e-11  1.640958e-11  1.340308e-11  9.885917e-12  6.976236e-12  1.235353e-11  1.344867e-11  1.427641e-11  1.590352e-11  2.327892e-11  4.516947e-11  5.771576e-11  6.312392e-11  7.530680e-11  9.189289e-11  1.256835e-10  2.370529e-10  2.080101e-10  3.629698e-10  7.972614e-10  3.993878e-10  8.481439e-10  3.217532e-09  1.880814e-09  3.425522e-10  3.700342e-09  1.159090e-09
  3.390924e-10  1.669647e-10  8.896464e-11  5.547515e-11  3.364656e-11  2.625446e-11  2.140006e-11  1.850119e-11  1.727022e-11  1.644623e-11  1.536661e-11  1.294970e-11  8.808975e-12  4.326650e-12  1.540415e-11  2.176123e-11  4.104326e-11  4.060002e-11  5.991557e-11  8.695299e-11  1.008261e-10  9.601496e-11  1.032170e-10  1.280252e-10  1.964451e-10  4.455934e-10  4.636911e-10  5.577688e-10  3.302487e-10  4.477026e-10  9.639656e-10  2.063199e-09  2.654664e-09  2.879912e-10  3.092538e-10  3.716715e-10
  1.311331e-10  8.374073e-11  5.607053e-11  3.349693e-11  2.412864e-11  1.966932e-11  1.736106e-11  1.515317e-11  1.521532e-11  1.663749e-11  1.671506e-11  1.299298e-11  7.904853e-12  4.116276e-12  1.316318e-11  2.705803e-11  1.153196e-10  7.705998e-11  9.734514e-11  1.284247e-10  1.344649e-10  1.357282e-10  1.510627e-10  2.050575e-10  3.413530e-10  1.159397e-09  3.004535e-09  2.911969e-09  6.068394e-10  6.347586e-10  8.876808e-10  2.889436e-09  2.531017e-09  6.181111e-10  1.119431e-10  9.735591e-11
  6.071659e-11  4.617671e-11  2.912988e-11  1.873166e-11  1.468157e-11  1.310405e-11  1.260359e-11  1.282727e-11  1.462017e-11  1.787818e-11  1.892755e-11  1.396914e-11  9.115499e-12  5.375801e-12  1.197704e-11  3.920247e-11  8.109305e-11  1.391735e-10  1.258972e-10  1.526116e-10  1.729605e-10  1.958912e-10  2.418695e-10  3.844251e-10  1.009131e-09  2.818001e-09  3.282870e-09  1.386975e-09  3.864201e-09  4.612824e-09  1.555770e-09  2.684715e-09  2.835033e-09  1.462305e-09  1.747595e-10  8.276157e-11
  3.701841e-11  2.943169e-11  1.677307e-11  1.127823e-11  9.751762e-12  9.348718e-12  9.621536e-12  1.125606e-11  1.516300e-11  1.956875e-11  2.104438e-11  1.640830e-11  1.190884e-11  7.352559e-12  8.045550e-12  6.456871e-11  5.432619e-11  4.760456e-11  1.584125e-10  2.134088e-10  2.455035e-10  2.942661e-10  3.979005e-10  6.971743e-10  3.986296e-09  7.224786e-09  4.860171e-09  5.980068e-09  6.051132e-09  3.507903e-09  1.486377e-09  1.806346e-09  1.110408e-09  1.327854e-09  2.372289e-10  8.096739e-11
  7.053198e-11  1.575283e-11  9.986418e-12  8.190858e-12  7.156492e-12  6.709127e-12  7.720544e-12  1.033008e-11  1.548320e-11  2.232387e-11  2.438644e-11  2.042100e-11  1.530754e-11  1.084103e-11  1.247012e-11  6.095630e-11  6.253270e-11  1.132879e-10  1.767356e-10  2.978351e-10  3.688183e-10  4.495147e-10  6.331669e-10  1.113423e-09  8.193598e-09  9.929863e-09  1.166118e-08  1.318835e-08  1.034882e-08  7.182004e-09  1.448710e-09  1.392130e-09  4.279772e-10  4.807980e-10  2.163462e-10  5.969006e-11
  3.636029e-11  1.021720e-11  8.993482e-12  6.972590e-12  5.989397e-12  5.554119e-12  6.553102e-12  9.279598e-12  1.445036e-11  2.179947e-11  2.667575e-11  2.456818e-11  2.129071e-11  1.758416e-11  1.986434e-11  3.806950e-11  2.200244e-10  1.881611e-10  2.244015e-10  4.401863e-10  5.116405e-10  6.822594e-10  9.334055e-10  1.600744e-09  8.188620e-09  1.180660e-08  1.892471e-08  2.131162e-08  1.349964e-08  6.553540e-09  9.017491e-10  4.835510e-10  3.667585e-10  3.046850e-10  1.583067e-10  7.008292e-11
  3.455221e-11  1.680214e-11  1.047078e-11  7.436566e-12  5.593267e-12  5.132540e-12  5.724870e-12  8.003988e-12  1.214453e-11  1.909047e-11  2.658048e-11  3.037519e-11  3.162745e-11  3.445140e-11  3.776143e-11  3.958192e-11  5.601056e-11  5.576064e-10  3.463752e-10  5.490820e-10  7.142703e-10  9.029368e-10  1.121615e-09  1.693034e-09  6.484765e-09  1.016206e-08  1.898019e-08  1.642289e-08  1.363423e-08  2.518480e-09  6.598574e-10  2.597098e-10  3.135269e-10  2.364435e-10  1.519303e-10  7.805649e-11
  4.652852e-11  2.074903e-11  1.477636e-11  8.132268e-12  5.772548e-12  4.478342e-12  4.926584e-12  6.551257e-12  9.363091e-12  1.483215e-11  2.230540e-11  3.131682e-11  3.926457e-11  5.230207e-11  6.290116e-11  6.897999e-11  8.932084e-11  4.331904e-10  4.082938e-10  6.343127e-10  7.902996e-10  1.069751e-09  1.244491e-09  1.442475e-09  3.094482e-09  5.464559e-09  1.059160e-08  6.161300e-09  7.768472e-09  1.609896e-09  3.381469e-10  2.200512e-10  2.324150e-10  2.103370e-10  1.392844e-10  5.620515e-11
  4.149459e-11  1.906259e-11  1.483681e-11  7.758129e-12  6.060238e-12  4.561998e-12  4.549479e-12  5.732500e-12  7.810327e-12  1.104321e-11  1.549751e-11  2.066168e-11  2.733874e-11  3.790672e-11  5.333533e-11  7.203976e-11  1.048469e-10  1.694452e-10  3.414654e-10  7.272826e-10  1.115595e-09  1.024952e-09  1.197659e-09  1.189775e-09  1.453994e-09  2.995393e-09  3.329064e-09  3.021377e-09  2.247800e-09  8.199444e-10  2.350625e-10  1.541210e-10  1.577537e-10  1.163959e-10  8.588022e-11  3.936991e-11
  3.374945e-11  1.823951e-11  9.515469e-12  6.631630e-12  5.676126e-12  4.808708e-12  4.682837e-12  5.535873e-12  6.919801e-12  8.545673e-12  1.008090e-11  1.159286e-11  1.335518e-11  1.689120e-11  2.190169e-11  2.927254e-11  5.258582e-11  8.785638e-11  2.349266e-10  4.390499e-10  9.433140e-10  7.327225e-10  8.910430e-10  8.334659e-10  9.038815e-10  9.582200e-10  1.329895e-09  1.369141e-09  7.989768e-10  2.388487e-10  1.155439e-10  8.714759e-11  8.662757e-11  6.801367e-11  4.848457e-11  2.541302e-11
  2.203007e-11  1.349061e-11  5.999993e-12  5.589366e-12  4.835605e-12  4.419296e-12  4.313919e-12  4.803008e-12  5.244633e-12  5.666721e-12  6.308130e-12  7.506271e-12  7.822729e-12  8.986337e-12  9.777839e-12  1.082413e-11  1.758243e-11  2.650525e-11  1.737427e-10  2.503937e-10  5.385055e-10  3.855227e-10  5.443939e-10  4.528200e-10  4.014789e-10  3.088453e-10  3.330911e-10  4.854441e-10  2.301492e-10  8.513226e-11  3.530095e-11  3.232277e-11  4.035268e-11  3.589114e-11  2.615323e-11  1.691004e-11
  1.483807e-11  1.030761e-11  4.968544e-12  4.809587e-12  4.057276e-12  3.917273e-12  3.889720e-12  4.097725e-12  4.264051e-12  4.459154e-12  5.239073e-12  6.327241e-12  7.103642e-12  7.392345e-12  7.170772e-12  6.580601e-12  7.650432e-12  9.240808e-12  1.161068e-10  1.617324e-10  2.218321e-10  4.795996e-10  2.672345e-10  2.141069e-10  1.431379e-10  1.024103e-10  1.097495e-10  1.735052e-10  8.648860e-11  4.654671e-11  1.183492e-11  1.520454e-11  2.133680e-11  2.179938e-11  1.477555e-11  1.126480e-11
  1.796715e-11  1.568408e-11  5.735411e-12  5.964257e-12  3.761710e-12  3.353512e-12  3.571083e-12  3.754139e-12  4.027559e-12  4.442227e-12  5.276843e-12  6.261849e-12  7.407621e-12  7.803686e-12  6.831317e-12  5.467644e-12  4.592473e-12  4.898243e-12  8.544485e-11  1.083425e-10  1.112556e-10  1.784856e-10  1.201811e-10  9.649694e-11  5.611684e-11  3.086710e-11  3.091243e-11  6.466661e-11  5.009367e-11  2.184392e-11  8.391587e-12  9.398559e-12  1.388113e-11  1.391042e-11  1.097050e-11  1.015126e-11
  1.045200e-11  1.682894e-11  8.411985e-12  6.359193e-12  2.381080e-12  2.608945e-12  2.918110e-12  3.036141e-12  3.101195e-12  3.437010e-12  4.194303e-12  5.221145e-12  5.760009e-12  5.979388e-12  4.949102e-12  3.556496e-12  2.903172e-12  2.961266e-12  6.955460e-11  6.364691e-11  7.691560e-11  8.340688e-11  6.856591e-11  3.878113e-11  2.236495e-11  1.233721e-11  1.046921e-11  4.618939e-11  3.236309e-11  1.554791e-11  7.031366e-12  6.604143e-12  8.529621e-12  8.529777e-12  8.913980e-12  1.000710e-11
  1.443698e-11  2.041286e-11  1.817386e-11  1.793800e-11  2.294128e-12  2.084835e-12  2.275976e-12  2.417367e-12  2.423132e-12  2.627343e-12  3.159812e-12  3.762140e-12  3.933438e-12  3.650838e-12  2.922094e-12  2.202248e-12  1.888160e-12  2.219328e-12  2.997137e-11  4.013084e-11  4.511170e-11  4.247758e-11  3.399346e-11  1.582981e-11  1.040997e-11  6.657904e-12  5.236745e-12  2.579381e-11  2.009574e-11  1.118925e-11  5.085558e-12  4.874588e-12  5.288485e-12  5.746868e-12  7.357801e-12  1.009758e-11
  1.547224e-11  2.792733e-11  5.181372e-11  4.970357e-11  2.266992e-12  1.862648e-12  1.891063e-12  2.066956e-12  2.204271e-12  2.366070e-12  2.616432e-12  2.852020e-12  2.738183e-12  2.344792e-12  1.910147e-12  1.577645e-12  1.458489e-12  2.022415e-12  8.878969e-12  2.778920e-11  2.510633e-11  2.310392e-11  1.365054e-11  8.536041e-12  6.957535e-12  5.383190e-12  4.790566e-12  1.963233e-11  1.268998e-11  6.795966e-12  3.565475e-12  3.549809e-12  3.743106e-12  4.292691e-12  5.893212e-12  9.450740e-12
  1.519134e-11  3.626381e-11  2.394052e-10  6.382643e-11  4.942852e-12  1.850782e-12  1.791224e-12  1.871116e-12  2.033200e-12  2.254096e-12  2.439281e-12  2.584013e-12  2.332999e-12  1.843453e-12  1.490054e-12  1.264326e-12  1.253289e-12  1.641379e-12  3.728669e-12  1.798449e-11  1.510519e-11  1.388139e-11  9.334547e-12  5.940706e-12  4.897116e-12  4.394622e-12  5.436677e-12  1.878726e-11  9.398322e-12  5.705423e-12  4.756101e-12  2.722055e-12  2.748172e-12  3.031583e-12  4.170092e-12  7.244576e-12
  1.295137e-11  8.221595e-11  4.729767e-10  3.139033e-10  9.171010e-12  2.069064e-12  1.845108e-12  1.938720e-12  2.182579e-12  2.459250e-12  2.664372e-12  2.830923e-12  2.679102e-12  2.159651e-12  1.620058e-12  1.275601e-12  1.145607e-12  1.253259e-12  2.958292e-12  1.714963e-11  9.822327e-12  8.816751e-12  7.771452e-12  4.825199e-12  3.593973e-12  3.344687e-12  5.188414e-12  3.403938e-11  4.649568e-11  4.758702e-12  1.113045e-11  2.298598e-12  2.015851e-12  2.108225e-12  2.683473e-12  4.664123e-12
  8.636973e-12  1.314042e-10  4.289399e-10  2.311331e-10  2.213075e-11  3.281548e-12  2.195278e-12  2.171111e-12  2.427139e-12  2.762554e-12  2.947241e-12  3.149036e-12  3.137944e-12  2.746607e-12  2.094886e-12  1.549988e-12  1.251481e-12  1.086205e-12  2.728697e-12  3.129307e-11  8.744784e-12  6.066955e-12  6.952057e-12  4.952960e-12  3.199072e-12  2.527696e-12  3.665160e-12  4.730330e-11  3.493885e-11  6.109675e-12  2.102304e-11  2.244532e-12  1.786133e-12  1.560134e-12  1.651921e-12  2.569058e-12
  4.818769e-12  9.568259e-11  1.947850e-10  1.320988e-10  3.775394e-11  6.012980e-12  3.354264e-12  2.710588e-12  2.754383e-12  2.899320e-12  3.053986e-12  3.184223e-12  3.237136e-12  3.018820e-12  2.622164e-12  1.934756e-12  1.453260e-12  1.082128e-12  4.293064e-12  2.585344e-11  8.871944e-12  4.201290e-12  5.831982e-12  5.125108e-12  3.429737e-12  2.434220e-12  2.006412e-12  1.089246e-11  4.586591e-11  9.795139e-12  4.773003e-12  2.587357e-12  1.978126e-12  1.509780e-12  1.297056e-12  1.473976e-12
  2.133888e-12  2.085136e-11  5.299941e-11  3.500176e-10  5.994266e-11  9.997708e-12  5.989401e-12  3.879420e-12  3.313907e-12  3.047436e-12  2.985995e-12  2.965885e-12  2.943554e-12  2.846214e-12  2.670853e-12  2.269048e-12  1.744664e-12  1.301555e-12  2.012211e-12  1.189474e-11  7.551919e-12  4.010794e-12  4.539835e-12  4.739924e-12  3.654872e-12  2.616964e-12  1.748724e-12  3.329365e-12  3.027094e-11  1.101228e-11  5.871484e-12  3.575101e-12  2.584570e-12  1.967653e-12  1.522586e-12  1.305374e-12
  1.899627e-12  5.512758e-12  1.514625e-11  4.384539e-11  5.043887e-11  1.393470e-11  8.565660e-12  5.711736e-12  3.836244e-12  3.150251e-12  2.834495e-12  2.665503e-12  2.531478e-12  2.439536e-12  2.346977e-12  2.121882e-12  1.846060e-12  1.521285e-12  1.575648e-12  3.948268e-12  4.649254e-12  3.448430e-12  3.495820e-12  3.687830e-12  3.377114e-12  2.651221e-12  2.011208e-12  2.132626e-12  6.160545e-12  8.670742e-12  6.966205e-12  4.507766e-12  3.297512e-12  2.571998e-12  2.125739e-12  1.817773e-12
  2.198564e-12  3.077830e-12  8.167612e-12  1.515289e-11  2.299150e-11  1.369607e-11  9.632195e-12  7.010481e-12  4.072508e-12  3.150209e-12  2.713150e-12  2.388022e-12  2.167305e-12  2.036990e-12  1.929680e-12  1.795912e-12  1.607427e-12  1.478282e-12  1.631188e-12  2.026936e-12  2.340037e-12  2.667743e-12  2.756429e-12  2.755602e-12  2.754991e-12  2.518193e-12  2.118281e-12  1.981630e-12  2.928568e-12  5.812281e-12  6.147019e-12  4.761300e-12  3.703728e-12  3.061747e-12  2.591578e-12  2.283690e-12
  2.009314e-12  2.504311e-12  4.812565e-12  8.559922e-12  1.124923e-11  1.043256e-11  8.541205e-12  5.566268e-12  3.721167e-12  2.987385e-12  2.472691e-12  2.089571e-12  1.849504e-12  1.663236e-12  1.538421e-12  1.437972e-12  1.325726e-12  1.275812e-12  1.415779e-12  1.410600e-12  1.251165e-12  1.742850e-12  1.855571e-12  1.860995e-12  1.817225e-12  1.827738e-12  1.690498e-12  1.651468e-12  1.901145e-12  3.149589e-12  4.322480e-12  4.131643e-12  3.395379e-12  2.796003e-12  2.367650e-12  2.087702e-12
  1.283905e-12  1.499899e-12  2.557044e-12  4.605278e-12  6.371958e-12  6.900883e-12  6.239071e-12  4.429749e-12  3.097335e-12  2.533518e-12  2.122121e-12  1.776296e-12  1.477549e-12  1.271197e-12  1.153154e-12  1.029800e-12  9.943233e-13  1.001686e-12  1.145068e-12  8.355332e-13  7.050239e-13  9.701641e-13  1.070400e-12  1.065117e-12  1.006821e-12  9.574179e-13  9.327129e-13  9.609002e-13  1.080256e-12  1.564337e-12  2.316190e-12  2.427963e-12  2.134080e-12  1.806041e-12  1.504463e-12  1.315322e-12
  6.063661e-13  7.430617e-13  1.143937e-12  2.104428e-12  3.218178e-12  3.780426e-12  3.617904e-12  2.842067e-12  2.217311e-12  1.736288e-12  1.416296e-12  1.193327e-12  1.006679e-12  8.857998e-13  7.580471e-13  6.840036e-13  6.309441e-13  6.393016e-13  6.398951e-13  4.976611e-13  4.165072e-13  4.962745e-13  5.322161e-13  5.377140e-13  5.160719e-13  4.814536e-13  4.489000e-13  4.362593e-13  4.802141e-13  6.440395e-13  8.818893e-13  1.059700e-12  1.016613e-12  8.635929e-13  7.290324e-13  6.303069e-13
  3.042144e-13  3.896641e-13  5.824057e-13  9.383206e-13  1.322263e-12  1.687170e-12  1.791838e-12  1.564747e-12  1.286415e-12  1.027118e-12  8.511632e-13  7.038960e-13  5.990449e-13  5.105746e-13  4.388933e-13  3.893549e-13  3.650208e-13  3.491543e-13  3.406322e-13  2.891586e-13  2.542453e-13  2.533325e-13  2.495935e-13  2.452166e-13  2.488855e-13  2.315331e-13  2.142683e-13  2.080727e-13  2.125867e-13  2.582019e-13  3.320965e-13  3.923943e-13  3.980935e-13  3.667141e-13  3.253779e-13  2.944085e-13
  1.327713e-13  1.570482e-13  2.147474e-13  3.095088e-13  4.247563e-13  5.232928e-13  6.143646e-13  6.030006e-13  5.375744e-13  4.891915e-13  4.312387e-13  3.731686e-13  3.263563e-13  2.758101e-13  2.368247e-13  2.058426e-13  1.867470e-13  1.783286e-13  1.833334e-13  1.757136e-13  1.493953e-13  1.195968e-13  1.158729e-13  1.126763e-13  1.107783e-13  1.090478e-13  9.993409e-14  9.123228e-14  8.650337e-14  8.971073e-14  1.154377e-13  1.381432e-13  1.334059e-13  1.176552e-13  1.250567e-13  1.289385e-13
  1.106810e-14  1.087554e-14  1.214367e-14  1.599033e-14  2.239091e-14  3.206032e-14  4.651212e-14  6.680384e-14  8.176611e-14  1.046048e-13  1.388502e-13  1.520725e-13  1.381866e-13  1.109446e-13  8.997121e-14  7.819994e-14  7.213595e-14  6.561465e-14  5.724095e-14  4.709921e-14  4.153736e-14  3.759900e-14  3.987499e-14  4.139428e-14  4.075054e-14  3.479507e-14  2.498234e-14  1.816116e-14  1.660741e-14  1.588557e-14  1.497716e-14  1.323486e-14  1.163891e-14  1.223248e-14  1.480216e-14  1.331322e-14
