AICC2012 gas_age(a B1950) CO2(ppmv)
350,168	280,4
485,93	274,9
500,826	277,9
539,62	279,1
539,863	281,9
657,171	277,7
763,045	281,1
867,384	282,2
962,373	280
1109,54	278,4
1166,76	276,6
1256,42	279,1
1316,12	277,7
1387,29	278,7
1477,59	277,4
1653,13	279,2
1728,93	280
1817,75	278,9
1901,42	278,7
1999,37	278
2093,72	276,9
2233,68	276,7
2265,56	276,7
2414,33	277,6
2526,19	277,9
2627,81	273,9
2709,02	278,9
2798,69	275,3
2928,89	274,7
2933,45	276,3
3055,15	274,6
3255,84	276,3
3283,72	273,1
3433,73	274
3528,09	275
3644,35	273,4
3693,78	273
3806,55	271,5
3856,38	275,4
3968,32	274,9
4105,73	271,7
4205,98	271,6
4274,38	272,8
4343,35	271,5
4494,68	271,1
4591,62	269,1
4647,39	269,8
4772,77	271,5
4921,71	270,7
4981,01	269,3
5086,79	268,6
5218,19	269,8
5310,26	267,6
5357,92	265,3
5532,15	265,2
5581,25	267,6
5758,26	265,9
5872,2	265,5
5929,83	260,7
5999,37	266,7
6089,13	265,5
6302,14	263,2
6337,09	262,7
6400,07	261,2
6570,9	261,1
6682,69	259,4
6769,63	262,1
6879,86	262,9
6970,43	258,1
7037,52	257,6
7210,46	262,3
7263,79	263
7404,41	260,7
7497,61	258,4
7661,34	260,1
7719,65	260,4
7860,13	259,7
7930,14	259,2
7968,48	260,8
8117,25	259,6
8194,71	259,3
8353,17	258,3
8460,2	261,3
8546,18	260,7
8709,35	261,8
8781,28	259
8912,19	260,9
8992,45	260,4
9059,79	259,3
9142,35	262
9294,99	263,7
9360,88	263,8
9436,94	265,2
9516,29	260,6
9522,59	260,9
9555,85	263
9573,39	263,8
9901,27	264,4
9993,7	264,2
10133,6	264
10193,8	263,4
10299,5	265,7
10367,6	264,9
10505,7	267,5
10683,2	266,9
10801,9	266
10835,2	265,1
10954,5	267,6
11090,6	264,8
11161,1	264,8
11185,9	265
11200,4	265,3
11257	264,4
11315	264,1
11438,9	264,2
11522,1	264,5
11529,8	264
11531,9	263
11538,9	265,2
11539,2	258,8
11544,1	260,8
11610,3	255,4
11686,7	253,9
11752,6	253,8
11938,5	250,7
12017,6	249,7
12077,5	251,1
12155	250,7
12313	245,3
12404,1	245,3
12442,3	246,6
12508,4	243,2
12579,8	240,3
12822,7	237,5
12953	237,6
13198,8	234,2
13436,5	238,3
13627,9	237,3
13726,4	237,9
13910,9	237,6
14188,6	236,4
14248,3	239,2
14262	238,6
14385,3	238,6
14580,6	239,1
14811,2	228,5
15137,5	228,4
15421,5	226,1
15659	225,2
15790,5	224,5
15937,6	222
16063,1	221
16134,5	220,9
16398	219,4
16723,7	214
16971,5	207,5
17155,6	207,7
17287,9	202,9
17395	200,8
17705,3	195,2
18212,7	193,9
18499,3	191
18638,4	188,5
18907,3	188,5
19114,2	189,2
19437,8	187
19606	188,6
19827,4	189,4
19851,6	192,3
19884,2	188,3
20143,8	188,7
20224,5	188,8
20485,4	190
20817,7	188
21065,6	188,2
21108,7	195
21428,2	187,8
21576,9	186,9
21718,8	186,5
21824,9	184,7
21928	186,1
22133,3	185,7
22236	184,4
22884,2	189,2
26387,3	191,6
29143,8	188,5
30278,4	191,7
35178,7	205,3
37487,8	209,1
43497,8	209,1
47144	189,3
49240,5	188,4
50114,3	210,1
51178,2	215,7
53096,9	190,4
58060,8	221,7
58678,6	210,4
64232,5	195,3
66515,3	191,4
67834,7	194,9
72508,3	227,3
74631,1	229,1
78770,6	217,1
79742,2	221,7
81852,1	230,9
83370,6	241,1
84175,2	236,4
84809,7	228
85836,4	214,2
87025,6	217
88923,1	208
91323,7	224,2
92319,3	228,3
94985	232
99992,7	225,8
100697	230,8
101364	236,9
102996	228,1
104297	236,9
105166	230,6
106770	238,2
107243	245,6
108902	251,2
111075	256,7
112574	266,3
113368	261,4
113874	274,5
114427	273,2
115842	262,5
117125	267,6
118050	273,7
119096	271,9
119881	265,2
120483	277,6
121867	272,1
122680	276,4
123833	268,7
123863	266,6
124408	266,3
124702	279,7
124909	273
125112	277,1
126144	273,7
126444	267,1
126773	262,5
126976	262,6
127527	275,3
127797	275,6
128235	274
128259	287,1
128542	286,8
128824	282,6
129137	264,1
129307	263,4
129687	257,9
129770	259
131345	245
131496	240,4
131823	228,9
132616	223,5
133186	223,9
133224	220,3
133535	210,6
134205	208,9
134404	203,7
135099	204,5
135218	200,4
135291	198
135706	198
136005	201,7
136125	200,7
136431	202,4
136825	195,8
136925	201,1
137560	194,3
137900	193,4
138305	194,2
138530	190,2
139736	192,3
140179	196,5
141512	195,6
141573	196,4
142840	190,4
146611	196,9
150243	203
151151	191,9
151260	188,9
152823	200,6
156236	189
157341	185,5
157800	187,5
161452	204,3
161930	196,5
163679	191,6
164083	190,1
164949	186,7
165856	183,8
166865	196,6
169849	197,8
172463	197,7
174714	196
175841	190,3
176778	189,4
177112	190,1
179136	207,7
180655	213,2
181587	217,7
182619	198,1
183497	199,7
185306	203,4
187865	210,7
189499	231,3
190868	231,4
191589	220,3
192881	218
195237	226,5
195871	220
197357	226,4
197967	241,2
198461	242,6
201211	250,9
202140	239,1
203351	247,6
204764	244,4
205282	231,9
205780	232,2
206310	228,6
206913	226,3
207314	229,4
207711	231,4
208310	238,1
208504	237,2
209136	230
209465	240,5
209887	242,2
210378	244,6
210558	243,9
211087	247,2
211260	252
211687	246,9
212059	239,5
212345	257,4
213028	243,4
214057	251,2
214943	241,4
215476	240,3
215760	242,6
216173	247,5
216652	251,7
216954	251,1
217464	245,3
218488	240,5
220582	214,1
221268	216,1
222217	207,1
222904	208,8
224318	205,6
226542	203,3
227053	215,7
227748	235,5
228471	234,5
228799	233,1
229628	224,5
231223	232,4
232154	233,9
232853	241,6
236255	245,2
236819	252,1
237434	241,4
238018	247,4
238593	243,1
239158	239,1
239842	245,6
240308	245,8
240790	247,4
241312	252,8
242248	259,7
242611	263,2
243158	279
243474	280,2
244172	263,7
244565	252,3
244965	249,9
245526	236,7
246163	230,4
246844	219,4
249367	214,7
252180	200,2
253192	213,9
254205	195,4
255205	196,7
256100	195,4
258018	199
258887	201,9
259686	204
261891	203,9
263865	209,6
264404	205,7
265438	208,9
266051	214,6
267380	228,1
268482	199,9
269153	211,7
270175	188,7
270858	187,2
271707	194,2
272687	198,8
273597	184,7
274583	190,4
275411	193,9
276290	194,1
277115	198,4
277913	193,2
278906	202,2
279691	204,5
280583	211
281359	215,3
282775	223,7
284614	231,3
286142	228
286808	226,4
287671	231,4
288165	230,4
288808	231
290557	234,9
291062	220,4
291695	217,1
292741	207,6
293442	206
294145	206,7
294874	212,7
296060	213,1
298076	217,1
298765	224,4
299509	231
300261	236,1
301281	239
302206	236
303045	240,2
303955	240,7
304577	250,2
305296	248,6
306259	244,8
307380	225,8
308628	227,8
309375	226,2
310306	233,2
311264	237,8
312198	239
313192	241,9
314155	251,6
315067	256,7
315893	257,1
316661	246,8
317309	272,6
318030	251,6
318914	245,2
319882	233,4
320982	255,8
321915	249,2
323596	257,2
324349	260,4
325119	260,3
325931	260,5
326682	266,2
327477	264
328118	266,1
328866	270,1
329549	271,9
330257	275,1
331574	265
332196	271,7
332770	272,6
333576	273,1
334080	282,4
334410	289,1
334580	288,4
335026	298,6
335477	278,1
335968	285,8
336322	278,6
336793	270,5
337344	255,7
338016	241,9
338902	239,6
339639	234,2
341667	250,1
342997	200,7
344511	205,2
346049	204,8
347107	211,9
348531	220,3
350629	221,1
351963	216,2
353182	209,4
354442	209,2
357133	193
358781	186,1
360663	185,8
362915	201,2
365331	206,3
367809	201,9
369285	199,9
370882	214,7
372515	224,6
373986	229,6
377751	227
379119	240
380582	239,1
381900	246,8
383367	245,8
385178	258,1
385950	264,6
386568	259,2
388425	255,2
390390	250,1
392321	266,3
392976	259,5
394003	273,6
394906	260,7
398277	276,3
399925	277,1
400709	283,2
402141	283,1
402860	275,7
404313	276,5
405063	280,5
406542	279,6
407282	285,6
408819	284,5
409600	275,2
409600	274,2
410454	282,6
411350	283,5
413259	274,9
414210	264,9
415183	271,6
415944	276,4
416424	271,7
417439	273,4
417957	271,8
418506	274,6
419578	273,7
420132	271,2
420701	273,8
421908	268,6
422533	266,4
423227	270,6
424517	267,7
425131	268,3
425758	270,8
426241	270
426628	265,4
427143	255,3
427944	252,1
428840	248,2
429182	242,5
431011	219,7
432175	227,2
433846	211,5
434366	207,6
435923	209,8
437502	207,5
439051	200,3
440660	201,7
442228	201,3
443842	202
445320	199,1
447222	201,1
448461	203,5
449569	208,1
450659	201,7
451744	201,2
452745	204,9
453787	201,9
454854	198,4
456000	193,3
457124	192,5
457766	199,1
458210	204,3
458794	203,3
459215	208,3
460249	202,4
461279	195,5
462413	190,7
463518	194,4
464606	199,9
465262	205,2
465599	210
466644	208,1
467686	204,4
468878	203,4
470043	205,5
470712	206,5
471209	215,5
471841	218,7
472279	229,2
472876	232,7
473213	243,7
473796	243,9
474083	245,6
474963	241,2
475930	233,1
476964	232,8
477936	236,6
478886	239,1
479409	236,5
479774	231,3
480327	220,8
480727	218,8
481660	223,8
482576	223,4
483390	227,3
484177	231,4
484931	231,4
485665	231,2
486400	233
487130	232,9
487850	231,3
488568	237,1
489307	242
489722	240,9
490023	252,8
490495	249,3
490736	242,6
491444	243,3
492148	246,7
492865	243,7
493592	239,7
494300	239,1
495021	238,3
495726	238,5
496443	237,6
497196	236,4
497963	236,5
498735	232,8
499519	230,6
500306	230,8
501079	228,2
501857	230,8
502641	231,2
503414	232
504171	232,2
504910	234,1
505692	233,9
506481	235,5
507313	236
508120	238,2
508940	237
509786	240,3
510654	233,4
511511	236,4
512366	235,2
513204	242
514030	238,2
514856	239,2
515653	241,5
516426	243
517157	247,2
517878	246,2
518603	245,5
519330	245,3
520073	247,7
520817	245,5
521576	243,5
523804	241,9
524577	236,8
525337	235,8
526109	233,7
526897	230,3
527696	227,8
528513	224,7
529408	222,7
530300	221,2
531221	220,3
532082	220,7
532607	214,5
532993	211,4
533558	204,4
533935	200
534666	195,1
535043	193,8
535705	190,5
536181	199,8
537339	199,4
538456	205
539513	206,4
540587	212,9
541653	211,2
542744	205
543851	203,6
544888	208,1
545863	210,3
546830	209,6
547804	209,7
548759	204,6
549726	202,5
550226	208,8
550581	213,6
551373	215,2
552098	219,9
552675	221,7
553018	222,3
553246	226,3
553614	222,1
553811	220,3
554484	223,6
555156	224,3
555849	226,7
556413	233,9
556926	241
557199	243
557394	249,1
557651	244
557834	250,5
558147	245,6
558304	240,4
558775	238,1
559314	234,5
559635	229,7
559870	230,2
560436	230,3
560964	228,3
561451	231,6
561890	231,9
562312	234,6
562655	234,1
563134	240,1
563537	242,3
563929	245,7
564311	245,8
564725	247,6
565135	251,4
565536	252,4
565893	252,6
566249	251,4
566588	253,7
566918	254,3
567240	253,9
567549	254,5
567886	253,2
568207	253,9
568536	252,8
568931	253
569316	250,2
569684	251,3
570067	250
570464	251,3
570862	251,8
571263	251,8
571632	249,6
571975	251,6
572314	250,3
572669	246,3
573055	247,7
573478	249,2
573916	248,7
574365	251,8
574807	251,9
575234	252,1
575652	248,9
576114	252,5
576596	252,9
577116	251,3
577655	251,3
578202	251,1
578756	249,1
579285	252,9
579836	251,5
580220	244,1
580406	243,8
580827	236,2
581128	230,3
581555	225,2
581917	219,4
582450	215,4
582844	209,9
583572	206,7
583992	210,6
586715	224
587162	226
587900	234,4
588297	238,8
588959	246,3
589428	250,2
590030	248,1
590488	243,6
591010	237,4
592383	225,7
592799	229,4
593582	233,2
594076	238,1
594874	238
595419	232,9
596222	221,2
596791	216,4
597794	216,3
598307	219
599227	226
599824	229,4
601257	232,5
602600	237,9
603947	239,1
605301	244,5
606622	248,5
607976	254,6
609263	259,2
610432	257,7
611607	259,6
612768	258
613947	256
615144	252,5
616354	252,4
617606	252,3
618956	247,9
620297	245,4
621647	243
623043	238,6
624540	237,3
625447	234,3
626110	227,8
627032	214,9
627854	205
629141	198,7
629861	199,9
631549	199,5
632358	195,6
634055	192,1
635016	193,9
636527	193
637702	194,3
639397	187,7
640329	189,1
642080	190,2
642856	190,4
644295	194,1
645126	194,6
646375	188,6
647268	190,5
648607	192,1
649193	194,8
650337	187,8
650933	192
652080	185,8
652702	185,3
653732	191,3
654444	193,2
655534	198,4
656134	198,7
657178	191,3
657699	189,2
658747	182,4
659419	183,9
660467	186,6
661228	189,8
662281	187,8
662868	189
663927	189,1
664386	185,8
665298	178,2
665810	178,5
666755	172,7
667405	171,6
668426	175,6
668917	178,5
669820	185,5
670296	189,3
671063	192,6
671451	194,6
672128	192,5
672750	194,8
673688	198,7
674231	202,3
675032	209,2
675422	213,7
676515	220
677145	217,4
677606	214
678340	215,6
678752	217,4
679463	226,5
679740	230
680305	230,8
680625	230,3
681206	223
681668	225
682342	218,4
682739	216,2
683453	217,3
683823	219,7
684426	222,6
684754	221,3
685295	218,7
685680	217,5
686268	217,5
686579	219,4
687152	219,5
687440	219,7
687999	223,5
688299	224,4
688811	224,3
689160	227,3
689690	228,7
689951	228,8
690475	232,3
690735	233
691217	235,8
691468	234,9
691969	235,8
692318	239,9
692831	235,6
693081	234,8
693574	240
693814	234
694282	235,6
694543	236,6
694948	235,5
695262	235,9
695732	232,9
695981	234,8
696436	234,1
696646	234,1
697088	235,4
697342	234,4
697750	235,8
698039	236,9
698505	236,7
698755	237,6
699219	234,6
699441	234,8
699867	235,4
700111	232,9
700488	232,4
700816	232,2
701268	231
701522	228
701994	226,4
702200	227,7
702735	227,6
703015	226
703477	228,7
703800	227,6
704252	228,2
704583	228,8
705060	229,3
705245	230,3
705733	232,4
706057	232,8
706499	231,2
706713	231,2
707312	233,9
707647	228,5
708201	228,6
708416	228,1
710987	219,7
711404	220,2
712026	218,9
712243	218,7
713315	218,5
714083	222,3
714409	221,7
715120	217,7
715573	222,1
716299	208,1
716604	205
717352	192,9
717962	184,3
718765	187,8
719285	195,2
720085	206,3
720567	211,3
721410	213,4
721703	213,2
722501	210,3
722990	206,3
723769	206,6
724134	208,1
724961	204,5
725471	205,5
726261	205,1
726578	205,4
727891	204
728588	204,1
728983	204,9
729839	203,8
730252	205,9
730915	203,9
731197	204,4
731863	205,3
732338	207,4
732994	201,7
733321	201,3
734031	204,1
734472	209,7
735158	208,1
735425	211,3
736118	210,6
736525	206,5
737269	200,3
737658	197,8
738579	185
739174	178,9
740098	178,6
740450	176,6
741323	177,9
741875	182,3
742641	181,7
743054	180,4
743959	181,2
744524	182
745670	180,2
746619	183,1
747182	180,8
747945	180,8
748341	180,4
749263	181,4
749815	182,9
750707	184,8
751035	184
751972	186,2
752564	190,1
753484	188
753919	196,5
755110	191,5
755582	195,8
756572	200,5
756863	201,9
757786	206
758375	210,7
759149	215
759577	219,2
759884	215,3
760103	217,6
760513	217,9
760933	214,9
761850	208,8
762155	206,9
763100	206,1
763771	212
764694	216
765193	215
765600	225,7
765875	221,4
766215	224,1
766816	222,6
767737	216,8
768102	215,7
769046	213,5
769638	217,7
770601	222,4
771035	221,4
771533	228,1
771819	226
772176	231,5
772481	235,6
772750	238,2
773005	235,6
773254	237,7
773679	229,5
774035	230,9
774951	230
775529	233,3
776330	236,9
776783	240,5
777682	238,8
778232	243,9
779057	246,3
779369	246,1
780191	245,8
780723	243,9
781562	248,5
781882	242,8
782728	248,7
783193	246,2
784253	252,1
785034	246,9
785517	250,7
786187	253,3
786567	255,4
787369	260,3
787817	256,9
788484	248,1
788698	247,9
789508	229,5
789958	226,3
790660	218,2
791063	221,3
792039	215,4
792631	205,1
793544	204
793859	209
795129	199,4
795692	195,2
796841	189,3
797375	188,4
798569	191

