  4.893357e-12  4.337414e-12  4.148613e-12  4.309554e-12  4.612313e-12  4.574063e-12  4.406714e-12  4.226009e-12  4.073014e-12  3.956994e-12  3.655712e-12  3.129666e-12  2.797490e-12  3.336694e-12  3.940418e-12  4.057501e-12  2.548760e-12  1.624755e-12  1.279037e-12  1.301955e-12  1.727696e-12  9.429419e-13  8.358595e-13  1.738805e-12  2.587786e-12  2.384527e-12  2.911386e-12  4.023668e-12  2.978243e-12  2.978111e-12  3.052420e-12  3.599100e-12  4.819905e-12  5.093067e-12  5.310053e-12  5.573792e-12
  1.087111e-11  1.080525e-11  1.260973e-11  1.069683e-11  8.114024e-12  7.105363e-12  6.750057e-12  7.068422e-12  7.092189e-12  6.351463e-12  8.680549e-12  1.025692e-11  2.985386e-11  5.861673e-12  5.069161e-12  3.982233e-12  2.418153e-12  2.609707e-12  2.145799e-12  2.060738e-12  2.444618e-12  2.476957e-12  8.109384e-12  1.063668e-11  9.353617e-12  1.052323e-11  1.864787e-11  1.601513e-11  7.898718e-12  1.256404e-11  1.707011e-11  1.728050e-11  1.700042e-11  1.704542e-11  1.868036e-11  1.498231e-11
  2.624657e-11  3.041103e-11  3.185027e-11  3.071314e-11  3.173373e-11  2.292779e-11  1.838382e-11  1.518569e-11  1.147590e-11  1.006349e-11  1.291781e-11  1.918348e-11  1.333153e-11  2.775446e-12  5.494431e-12  6.272519e-12  5.180578e-12  7.284562e-12  8.461271e-12  6.282316e-12  6.200712e-12  1.016294e-11  1.289353e-11  1.826632e-11  3.040875e-11  2.862466e-11  6.429800e-11  3.540564e-11  6.859984e-11  9.434294e-11  6.497258e-11  5.023997e-11  4.298982e-11  4.405765e-11  4.239700e-11  3.420887e-11
  5.441965e-11  1.138363e-10  1.304100e-10  1.003141e-10  6.034086e-11  5.130665e-11  3.559915e-11  2.926083e-11  2.343135e-11  2.014010e-11  2.003371e-11  1.874186e-11  2.565559e-11  9.739253e-12  1.750419e-11  5.498089e-11  5.051818e-11  3.539436e-11  2.559471e-11  1.657269e-11  1.207557e-11  1.196371e-11  1.690012e-11  2.789203e-11  4.679927e-11  6.658260e-11  6.763307e-11  1.448101e-10  3.494195e-10  2.315450e-10  1.317040e-10  1.100857e-10  9.910123e-11  8.903724e-11  1.092132e-10  8.007489e-11
  1.934319e-10  4.656252e-10  4.322688e-10  2.547592e-10  1.297343e-10  9.316330e-11  6.705522e-11  5.192034e-11  4.189441e-11  3.322552e-11  2.781878e-11  2.552062e-11  2.591381e-11  4.978366e-11  8.847334e-11  5.936729e-10  1.916192e-10  1.092958e-10  3.223457e-11  2.838520e-11  2.128189e-11  1.484051e-11  2.413709e-11  4.341493e-11  6.533747e-11  8.456237e-11  1.367013e-10  1.815962e-10  2.630697e-10  2.575170e-10  1.654137e-10  1.752404e-10  2.091744e-10  2.094341e-10  2.264826e-10  1.559111e-10
  3.680872e-09  1.786794e-09  9.168692e-10  3.750572e-10  2.118955e-10  1.438461e-10  1.041654e-10  7.582847e-11  5.836906e-11  4.653375e-11  3.866497e-11  3.222460e-11  2.875535e-11  4.251142e-11  4.944474e-11  4.466025e-10  2.569590e-10  1.157473e-10  5.139998e-11  2.733051e-11  2.202447e-11  2.151312e-11  3.940736e-11  6.055276e-11  9.471532e-11  1.145605e-10  3.170441e-10  6.132768e-10  5.025359e-10  3.884368e-10  2.423532e-10  3.317506e-10  5.938616e-10  4.903535e-10  4.730669e-10  1.627448e-09
  9.475209e-09  2.664939e-09  9.376022e-10  3.863922e-10  2.468413e-10  1.746190e-10  1.255472e-10  9.475107e-11  7.358773e-11  5.639057e-11  4.479095e-11  3.506195e-11  2.898186e-11  3.129842e-11  3.467795e-11  7.630046e-11  1.406851e-10  6.959777e-11  4.794708e-11  2.641656e-11  2.640803e-11  3.575845e-11  5.155651e-11  7.593616e-11  1.284142e-10  2.214506e-10  4.684839e-10  1.055112e-09  1.144442e-09  7.793549e-10  5.406718e-10  6.684269e-10  1.325398e-09  8.159983e-10  2.350538e-09  1.576755e-09
  2.146627e-09  1.893876e-09  5.699495e-10  3.777280e-10  2.699535e-10  1.971695e-10  1.363915e-10  9.914850e-11  7.491987e-11  5.549389e-11  4.187225e-11  3.142286e-11  2.479710e-11  2.183626e-11  3.719513e-11  3.369688e-11  6.604914e-11  4.191034e-11  3.081777e-11  3.051555e-11  3.643821e-11  4.598206e-11  5.453522e-11  8.899902e-11  1.824668e-10  3.684933e-10  1.293755e-09  1.470084e-09  1.397380e-09  1.378039e-09  1.985979e-09  1.759767e-09  1.831537e-09  8.569891e-10  3.606246e-10  3.680395e-10
  7.042937e-10  9.170574e-10  3.679197e-10  2.599896e-10  1.990074e-10  1.394446e-10  1.002400e-10  7.216155e-11  5.364615e-11  4.069705e-11  3.009526e-11  2.268836e-11  1.681991e-11  1.348912e-11  2.107282e-11  1.930730e-11  3.843341e-11  2.861919e-11  2.945173e-11  3.524759e-11  4.464565e-11  4.575482e-11  6.319512e-11  1.230357e-10  3.056726e-10  1.147121e-09  4.843751e-09  3.652205e-09  2.655370e-09  1.242842e-09  2.329201e-09  3.132067e-09  2.272897e-09  7.706379e-10  1.127149e-10  1.410356e-10
  4.090440e-10  4.198114e-10  2.714726e-10  1.541391e-10  9.235778e-11  6.240727e-11  4.646794e-11  3.622156e-11  2.881408e-11  2.370496e-11  1.821822e-11  1.399167e-11  1.035391e-11  8.239221e-12  7.344624e-12  1.980379e-11  2.705983e-11  2.309518e-11  3.590654e-11  4.917078e-11  4.995940e-11  5.699953e-11  9.091959e-11  1.896774e-10  6.887709e-10  2.606488e-09  3.550465e-09  4.007368e-09  3.455550e-09  9.759041e-10  1.874362e-09  1.657376e-09  3.853413e-09  7.315604e-10  2.580345e-10  1.897858e-10
  1.769032e-10  1.977916e-10  1.697527e-10  7.077181e-11  4.037587e-11  2.660398e-11  2.043618e-11  1.725256e-11  1.483304e-11  1.309289e-11  1.080610e-11  8.833314e-12  6.421133e-12  5.180866e-12  4.071777e-12  1.658206e-11  1.668901e-11  2.490260e-11  4.384342e-11  5.633056e-11  5.409629e-11  7.734035e-11  1.287798e-10  2.730775e-10  1.231886e-09  3.134232e-09  1.209759e-09  1.967291e-09  1.635665e-09  7.367187e-10  8.909013e-10  1.150032e-09  2.067237e-09  5.714248e-10  2.342017e-10  1.813552e-10
  8.789177e-11  7.936564e-11  8.116208e-11  3.744444e-11  2.190631e-11  1.440767e-11  1.135603e-11  9.967811e-12  9.059807e-12  8.237366e-12  7.917175e-12  5.719492e-12  4.412073e-12  3.935056e-12  3.507130e-12  5.393968e-12  1.350949e-11  3.251797e-11  4.568658e-11  4.576539e-11  5.750347e-11  9.147713e-11  1.768511e-10  4.339943e-10  3.230178e-09  2.800925e-09  1.301437e-09  2.445624e-09  1.285295e-09  7.412993e-10  4.874682e-10  1.082919e-09  6.800584e-10  4.170696e-10  1.950810e-10  1.506824e-10
  6.141569e-11  4.698898e-11  5.582968e-11  2.612111e-11  1.510354e-11  1.017241e-11  8.240205e-12  7.323585e-12  6.711373e-12  6.157728e-12  5.476195e-12  4.449049e-12  3.548032e-12  3.667352e-12  4.062877e-12  5.927750e-12  1.416242e-11  3.579706e-11  4.173465e-11  4.480396e-11  6.078327e-11  1.133298e-10  2.356627e-10  5.743169e-10  2.394170e-09  1.942783e-09  2.475038e-09  3.661299e-09  1.694218e-09  1.367133e-09  3.291984e-10  7.159527e-10  3.893124e-10  3.229994e-10  1.794651e-10  1.921382e-10
  4.368575e-11  2.832889e-11  3.707145e-11  1.889102e-11  1.040892e-11  7.285947e-12  6.245919e-12  5.701443e-12  5.313341e-12  4.633335e-12  3.901272e-12  3.603598e-12  3.812007e-12  4.341285e-12  5.351616e-12  6.796926e-12  6.832667e-12  4.402721e-11  2.864883e-11  4.997727e-11  7.893638e-11  1.485223e-10  2.866392e-10  4.814573e-10  7.839250e-10  1.013747e-09  1.456021e-09  2.137717e-09  1.507069e-09  8.041511e-10  2.217973e-10  3.667535e-10  2.971798e-10  2.898208e-10  1.465510e-10  2.060704e-10
  3.175967e-11  2.115877e-11  2.379734e-11  1.375491e-11  8.051758e-12  6.008109e-12  5.105490e-12  4.810729e-12  4.356249e-12  3.816723e-12  3.460305e-12  3.811476e-12  4.548768e-12  5.396422e-12  7.041349e-12  8.378243e-12  7.779061e-12  3.361581e-11  3.067107e-11  6.406294e-11  1.002911e-10  1.790430e-10  2.903518e-10  3.290693e-10  3.562598e-10  5.717636e-10  7.400118e-10  9.005982e-10  8.556413e-10  4.812210e-10  2.026054e-10  2.482761e-10  2.857308e-10  2.386973e-10  9.999728e-11  1.363994e-10
  2.335371e-11  1.544373e-11  1.463942e-11  1.028492e-11  7.029542e-12  5.478423e-12  4.464985e-12  3.913507e-12  3.431209e-12  3.044919e-12  3.101981e-12  3.628139e-12  4.442018e-12  5.975004e-12  8.726589e-12  1.130103e-11  1.215810e-11  1.596275e-11  4.808104e-11  8.463315e-11  1.194570e-10  2.021315e-10  2.716741e-10  2.371799e-10  2.147677e-10  4.039984e-10  4.084344e-10  4.004704e-10  5.080362e-10  2.544830e-10  1.763163e-10  2.175556e-10  2.335328e-10  1.785568e-10  7.375429e-11  6.754127e-11
  1.802244e-11  1.222546e-11  9.154711e-12  6.410848e-12  5.026869e-12  3.818116e-12  2.790835e-12  2.082086e-12  1.578558e-12  1.445620e-12  1.671906e-12  2.178703e-12  3.074162e-12  4.374957e-12  6.320508e-12  1.064539e-11  1.766020e-11  2.175264e-11  6.280469e-11  8.806011e-11  2.058076e-10  2.335044e-10  2.602936e-10  2.188892e-10  1.679580e-10  2.043556e-10  2.298518e-10  2.567219e-10  2.641471e-10  8.745470e-11  1.452181e-10  2.032083e-10  1.518968e-10  1.215707e-10  6.529993e-11  3.599867e-11
  1.553998e-11  1.112547e-11  6.751590e-12  3.807592e-12  3.206455e-12  1.939107e-12  1.103788e-12  6.787509e-13  5.206842e-13  5.817814e-13  8.134267e-13  1.219415e-12  1.850570e-12  2.765271e-12  4.087172e-12  6.518426e-12  1.208972e-11  2.441842e-11  5.593116e-11  9.595158e-11  2.015197e-10  2.543086e-10  2.251448e-10  1.448666e-10  9.158552e-11  8.605769e-11  1.382837e-10  2.585966e-10  1.931961e-10  6.923855e-11  1.049020e-10  1.408421e-10  9.514908e-11  7.003260e-11  4.507494e-11  2.640990e-11
  1.762922e-11  1.009875e-11  5.936873e-12  3.611427e-12  2.421215e-12  1.580571e-12  6.466004e-13  3.344462e-13  2.913023e-13  3.746141e-13  5.701026e-13  9.142299e-13  1.475964e-12  2.369060e-12  3.768670e-12  6.131629e-12  1.221526e-11  1.495401e-11  6.437520e-11  1.206930e-10  1.906286e-10  2.608519e-10  1.766295e-10  1.091944e-10  9.123455e-11  9.173718e-11  1.000663e-10  2.378860e-10  2.028124e-10  7.731682e-11  5.635777e-11  1.113676e-10  8.328520e-11  4.615743e-11  3.265640e-11  2.518149e-11
  2.162057e-11  1.342871e-11  7.636196e-12  4.674842e-12  2.909857e-12  2.216891e-12  1.221212e-12  7.477277e-13  5.893184e-13  6.030349e-13  7.773153e-13  1.139391e-12  1.945231e-12  3.527840e-12  6.916560e-12  1.218562e-11  1.285716e-11  5.003896e-12  4.688610e-11  1.225872e-10  1.824894e-10  1.909898e-10  1.852341e-10  1.476675e-10  1.110697e-10  8.909919e-11  5.717131e-11  1.262751e-10  1.566732e-10  7.600858e-11  5.078359e-11  1.297593e-10  8.584985e-11  4.417137e-11  3.104362e-11  2.543663e-11
  2.350877e-11  2.486956e-11  1.350612e-11  7.077503e-12  3.924783e-12  2.467889e-12  1.869738e-12  1.575325e-12  1.504755e-12  1.578307e-12  1.925394e-12  2.724335e-12  4.375311e-12  6.889607e-12  9.534905e-12  8.045709e-12  3.452313e-12  1.314626e-12  2.215782e-11  7.223085e-11  1.202964e-10  1.132577e-10  1.098650e-10  9.320254e-11  5.092244e-11  3.126749e-11  1.773725e-11  3.854115e-11  8.489230e-11  6.686164e-11  5.170944e-11  1.076714e-10  5.903109e-11  3.085313e-11  2.366206e-11  2.389510e-11
  2.701829e-11  3.325864e-11  2.864944e-11  1.442046e-11  3.425181e-12  2.396281e-12  1.835339e-12  1.552459e-12  1.377991e-12  1.359828e-12  1.527503e-12  2.071001e-12  3.219325e-12  4.545867e-12  4.518891e-12  2.814145e-12  1.102795e-12  8.224386e-13  7.572415e-12  3.023850e-11  3.399954e-11  4.007768e-11  5.076867e-11  3.229460e-11  1.402098e-11  9.344698e-12  9.360343e-12  1.858059e-11  3.363648e-11  4.021507e-11  5.954541e-11  6.047677e-11  3.164097e-11  1.736873e-11  1.668466e-11  2.075195e-11
  2.745937e-11  3.738429e-11  5.558242e-11  3.418131e-11  5.462063e-12  2.440041e-12  1.863948e-12  1.487349e-12  1.208183e-12  1.041027e-12  9.874144e-13  1.058569e-12  1.384805e-12  1.862747e-12  1.941342e-12  1.325609e-12  6.491428e-13  6.608311e-13  2.433060e-12  1.324599e-11  8.593116e-12  8.527461e-12  2.248388e-11  1.266178e-11  5.472788e-12  5.100227e-12  9.874479e-12  2.238761e-11  1.249309e-11  1.569617e-11  6.130527e-11  2.373894e-11  1.447926e-11  1.032117e-11  1.381474e-11  1.907064e-11
  2.772014e-11  4.674548e-11  1.093286e-10  1.260244e-10  1.395747e-11  3.043484e-12  2.024038e-12  1.605707e-12  1.284971e-12  1.035397e-12  9.123254e-13  8.262294e-13  8.492874e-13  9.770751e-13  1.048761e-12  8.819871e-13  5.490311e-13  5.054484e-13  1.558318e-12  1.682310e-11  5.579709e-12  3.037813e-12  9.326857e-12  5.589290e-12  3.000325e-12  4.532910e-12  1.256139e-11  6.077981e-11  8.550996e-12  6.414230e-12  2.990204e-11  7.507338e-12  5.642419e-12  6.652579e-12  1.108140e-11  1.765085e-11
  2.716111e-11  9.197328e-11  1.831145e-10  2.055266e-10  4.011098e-11  5.481956e-12  2.994937e-12  2.012155e-12  1.634608e-12  1.318094e-12  1.178950e-12  1.030619e-12  9.358726e-13  9.211711e-13  8.608703e-13  7.465208e-13  5.144224e-13  4.253071e-13  1.021020e-12  5.399668e-11  9.630912e-12  3.916260e-12  5.694720e-12  3.268716e-12  2.265671e-12  4.004820e-12  1.450100e-11  1.991778e-10  1.091209e-11  5.129761e-12  8.937639e-12  3.793930e-12  3.234574e-12  4.665774e-12  8.888067e-12  1.483931e-11
  2.388290e-11  2.496919e-10  2.885021e-10  1.572738e-10  1.192100e-10  1.627155e-11  6.109033e-12  3.154914e-12  2.346385e-12  1.886179e-12  1.610072e-12  1.424300e-12  1.299951e-12  1.154673e-12  1.014051e-12  8.633672e-13  5.701649e-13  4.769011e-13  9.170882e-13  6.068007e-11  1.811985e-11  7.997889e-12  5.424417e-12  3.423841e-12  2.611611e-12  3.560906e-12  1.276274e-11  2.317223e-10  2.428025e-11  6.050657e-12  3.708265e-12  2.752729e-12  2.465908e-12  3.490554e-12  6.717508e-12  1.080921e-11
  1.659264e-11  1.777374e-10  3.555114e-10  2.342232e-10  2.298384e-10  3.219073e-11  1.257408e-11  5.451694e-12  3.335202e-12  2.486435e-12  1.953535e-12  1.628581e-12  1.447039e-12  1.273237e-12  1.145714e-12  1.007769e-12  7.409547e-13  5.855116e-13  1.111756e-12  3.928279e-11  2.684550e-11  1.120289e-11  7.357844e-12  4.632608e-12  3.305478e-12  3.799616e-12  9.734892e-12  8.443897e-11  5.253505e-11  1.021603e-11  3.178075e-12  2.711538e-12  2.342165e-12  2.769670e-12  4.725838e-12  6.971913e-12
  9.232143e-12  5.546066e-11  1.835981e-10  1.639557e-10  1.558569e-10  4.232057e-11  1.867042e-11  7.867630e-12  4.423912e-12  2.931494e-12  2.137437e-12  1.607820e-12  1.350391e-12  1.182760e-12  1.062694e-12  1.012923e-12  8.537669e-13  7.151086e-13  1.428686e-12  8.087684e-11  4.639704e-11  2.011117e-11  1.236413e-11  7.341992e-12  4.863603e-12  4.434166e-12  7.465358e-12  3.928308e-11  9.528522e-11  1.788569e-11  5.034900e-12  3.165577e-12  2.429747e-12  2.425757e-12  3.239168e-12  4.115427e-12
  5.443966e-12  1.972634e-11  4.769991e-11  6.162802e-11  6.820326e-11  3.481120e-11  1.726461e-11  8.042349e-12  4.489632e-12  2.985984e-12  2.103820e-12  1.507832e-12  1.163623e-12  1.014336e-12  9.219592e-13  8.390224e-13  7.571332e-13  7.598761e-13  2.183227e-12  2.957242e-10  9.578870e-11  4.380858e-11  2.408417e-11  1.417561e-11  9.378996e-12  6.944030e-12  7.387336e-12  1.570551e-11  3.509439e-11  2.459284e-11  9.240351e-12  4.600633e-12  3.153275e-12  2.719214e-12  2.869900e-12  2.969566e-12
  3.719451e-12  9.150627e-12  2.288569e-11  3.151828e-11  3.347365e-11  2.148578e-11  1.374172e-11  6.786524e-12  3.714844e-12  2.682097e-12  1.865197e-12  1.367846e-12  1.028164e-12  8.921264e-13  7.671285e-13  6.813291e-13  6.265804e-13  6.498825e-13  3.505216e-12  5.954289e-10  1.669667e-10  8.594793e-11  4.686320e-11  2.679917e-11  1.827196e-11  1.292186e-11  1.023443e-11  1.293805e-11  1.950869e-11  2.093979e-11  1.219707e-11  6.428230e-12  4.160994e-12  3.262744e-12  2.927254e-12  2.733096e-12
  2.877013e-12  5.682629e-12  1.253710e-11  1.812248e-11  1.785091e-11  1.401324e-11  1.207963e-11  4.222449e-12  2.958928e-12  2.370003e-12  1.750473e-12  1.277383e-12  9.649905e-13  7.841398e-13  6.579241e-13  5.762398e-13  5.215989e-13  5.635135e-13  2.926045e-12  5.573592e-10  2.073609e-10  1.385762e-10  8.241886e-11  4.721563e-11  3.026192e-11  2.228559e-11  1.660081e-11  1.398418e-11  1.464991e-11  1.483822e-11  1.168448e-11  7.485469e-12  4.978126e-12  3.799580e-12  3.082252e-12  2.586121e-12
  2.022837e-12  3.015809e-12  6.114543e-12  8.937118e-12  9.921737e-12  8.901795e-12  7.592282e-12  3.673044e-12  2.471930e-12  2.002483e-12  1.578316e-12  1.192732e-12  9.304346e-13  7.347615e-13  6.323424e-13  5.420998e-13  4.641296e-13  4.892702e-13  2.636168e-12  7.370745e-10  2.192798e-10  1.617371e-10  1.071226e-10  6.822392e-11  4.300173e-11  2.971555e-11  2.091674e-11  1.670862e-11  1.391015e-11  1.243613e-11  1.016073e-11  7.309381e-12  5.282811e-12  3.794921e-12  3.082792e-12  2.284955e-12
  1.477954e-12  1.547969e-12  2.308111e-12  3.527497e-12  4.460917e-12  4.667930e-12  4.220318e-12  2.820070e-12  2.000425e-12  1.614900e-12  1.227356e-12  9.595486e-13  8.024703e-13  6.578473e-13  5.599553e-13  5.050655e-13  4.355829e-13  4.544483e-13  1.355709e-12  4.829214e-11  8.157669e-11  8.654999e-11  7.315669e-11  5.565601e-11  3.853925e-11  2.616463e-11  1.837381e-11  1.352358e-11  1.051659e-11  8.851715e-12  7.291206e-12  5.620017e-12  4.111013e-12  2.947448e-12  2.279525e-12  1.778369e-12
  7.955275e-13  7.466140e-13  8.509567e-13  1.181322e-12  1.483449e-12  1.661973e-12  1.765379e-12  1.503462e-12  1.244853e-12  1.025917e-12  8.182276e-13  6.737592e-13  5.658428e-13  4.704270e-13  3.912346e-13  3.603104e-13  3.462558e-13  3.862942e-13  6.689438e-13  5.172600e-12  2.028503e-11  2.537673e-11  2.566748e-11  2.300086e-11  1.821191e-11  1.351201e-11  9.929395e-12  7.205165e-12  5.592327e-12  4.489762e-12  3.692999e-12  2.821129e-12  2.035703e-12  1.506965e-12  1.151163e-12  9.460900e-13
  2.497582e-13  2.697172e-13  3.167910e-13  2.909008e-13  3.339378e-13  3.922458e-13  4.842621e-13  4.527603e-13  3.943004e-13  3.519538e-13  3.228561e-13  2.941974e-13  2.646323e-13  2.286229e-13  1.978996e-13  1.848805e-13  1.885307e-13  2.273772e-13  4.945603e-13  1.374173e-12  3.191920e-12  3.801846e-12  4.491645e-12  5.287928e-12  5.674002e-12  5.421791e-12  4.328402e-12  3.118214e-12  2.242790e-12  1.802684e-12  1.370714e-12  6.957184e-13  4.762581e-13  4.121368e-13  3.673009e-13  2.848031e-13
  1.906630e-14  1.943914e-14  2.091987e-14  2.688773e-14  2.683971e-14  2.935545e-14  6.203157e-14  5.803259e-14  6.520549e-14  8.163068e-14  1.073243e-13  1.128657e-13  9.920664e-14  9.043618e-14  1.047894e-13  1.137062e-13  1.066638e-13  1.190465e-13  1.195766e-13  2.325893e-13  5.662490e-13  8.196830e-13  8.012156e-13  7.921052e-13  5.204382e-13  2.008966e-13  1.040811e-13  5.413443e-14  4.351338e-14  3.513486e-14  2.634278e-14  2.579573e-14  2.989733e-14  3.088504e-14  2.476714e-14  1.911585e-14
