  8.592137e+09  7.349805e+09  6.645259e+09  6.475745e+09  7.060897e+09  7.347240e+09  5.870418e+09  5.371078e+09  5.484498e+09  5.109714e+09  4.879176e+09  4.574083e+09  4.555622e+09  4.919297e+09  5.192421e+09  4.780749e+09  4.043710e+09  2.474896e+09  1.243239e+09  1.249382e+09  1.271188e+09  1.009851e+09  1.001981e+09  2.016542e+09  2.211518e+09  2.426579e+09  3.016765e+09  3.513947e+09  3.648797e+09  5.681613e+09  6.248578e+09  8.052469e+09  9.995067e+09  1.074023e+10  8.776570e+09  1.060164e+10
  2.052529e+10  1.609669e+10  2.346424e+10  2.471138e+10  1.486871e+10  1.609413e+10  1.141082e+10  1.268752e+10  1.619526e+10  3.174147e+10  2.838810e+10  2.802412e+10  9.858993e+09  4.959960e+09  4.593324e+09  4.026193e+09  2.858689e+09  2.304896e+09  1.736265e+09  1.618715e+09  1.489488e+09  1.586895e+09  7.236221e+09  5.845638e+09  4.476863e+09  5.722829e+09  5.611200e+09  1.182229e+10  1.022291e+10  1.492906e+10  2.020912e+10  2.545555e+10  3.194163e+10  3.036481e+10  2.718000e+10  3.175442e+10
  3.757961e+10  3.499141e+10  3.314973e+10  1.145748e+11  2.779103e+10  2.016097e+10  1.585562e+10  1.638892e+10  1.703148e+10  2.070605e+10  1.580457e+10  1.245868e+10  8.567964e+09  3.583698e+09  2.751012e+09  2.654199e+09  2.221534e+09  2.238543e+09  2.529977e+09  2.333786e+09  3.139161e+09  4.999674e+09  5.440376e+09  7.396773e+09  9.127636e+09  1.040211e+10  2.068848e+10  2.670796e+10  3.162687e+10  4.219100e+10  5.396451e+10  7.221855e+10  6.493144e+10  7.696715e+10  5.799355e+10  5.319551e+10
  6.820796e+10  7.249058e+10  7.096813e+10  6.591363e+10  3.161305e+10  3.090602e+10  2.191191e+10  1.956936e+10  1.665374e+10  1.536667e+10  1.206849e+10  9.958116e+09  1.007845e+10  5.824564e+09  3.736873e+09  7.941926e+09  1.160533e+10  6.149041e+09  5.018414e+09  3.563060e+09  3.719230e+09  5.322935e+09  8.986657e+09  1.008315e+10  1.267997e+10  1.850667e+10  5.679723e+10  5.328566e+10  6.113184e+10  8.924074e+10  1.092846e+11  1.437270e+11  1.500602e+11  1.097243e+11  1.323253e+11  1.298865e+11
  9.755767e+10  1.673530e+11  1.286098e+11  8.284764e+10  4.008608e+10  3.146987e+10  2.556040e+10  2.147783e+10  1.831123e+10  1.513942e+10  1.239587e+10  1.058809e+10  8.855961e+09  1.000118e+10  9.266742e+09  2.200495e+10  2.536520e+10  1.672336e+10  8.536100e+09  5.208706e+09  7.540968e+09  9.397232e+09  1.009346e+10  1.306992e+10  1.405205e+10  2.434680e+10  1.481291e+11  2.055267e+11  2.043466e+11  1.348673e+11  3.869211e+11  3.117295e+11  6.001174e+11  2.839821e+11  1.951815e+11  1.312759e+11
  5.989012e+11  4.691417e+11  2.310160e+11  1.095153e+11  4.912366e+10  3.364379e+10  2.726697e+10  2.181094e+10  1.794319e+10  1.535839e+10  1.282556e+10  9.974701e+09  7.894041e+09  6.544019e+09  1.105735e+10  3.033256e+10  2.419752e+10  2.745617e+10  1.573188e+10  1.263191e+10  1.150881e+10  1.142577e+10  1.496280e+10  1.441890e+10  1.511137e+10  2.764205e+10  1.265309e+11  1.443206e+11  1.149305e+11  7.573230e+10  1.730626e+11  5.757587e+11  2.194831e+12  3.744791e+11  5.394904e+11  4.210254e+11
  7.146054e+11  5.381363e+11  1.656516e+11  5.862206e+10  5.177129e+10  3.452441e+10  2.621437e+10  1.990840e+10  1.552750e+10  1.255808e+10  1.011257e+10  7.835933e+09  6.070740e+09  9.137585e+09  7.497767e+09  2.508494e+10  4.621800e+10  5.469216e+10  2.282773e+10  1.719216e+10  1.520958e+10  1.435957e+10  1.642648e+10  1.444545e+10  1.539251e+10  6.443128e+10  3.399122e+10  1.055122e+11  7.336404e+10  1.302463e+11  2.577321e+11  3.930044e+11  4.177635e+11  4.992935e+11  1.649955e+12  8.618678e+11
  5.793370e+11  1.922923e+11  8.295862e+10  7.667271e+10  4.314840e+10  2.773062e+10  2.039936e+10  1.592910e+10  1.205245e+10  9.321154e+09  7.125241e+09  5.970635e+09  4.370580e+09  4.004756e+09  2.273776e+10  1.741076e+10  3.766381e+10  1.182896e+11  3.683788e+10  2.128016e+10  1.460327e+10  1.365148e+10  1.515069e+10  1.432327e+10  1.844390e+10  8.013435e+10  1.405083e+11  5.872660e+10  8.197300e+10  1.283369e+11  5.005078e+11  6.296141e+11  3.080963e+11  3.449309e+11  2.300326e+11  2.989806e+11
  2.353931e+11  1.387621e+11  6.455713e+10  3.576333e+10  2.210411e+10  1.495457e+10  1.163839e+10  9.822140e+09  7.870280e+09  6.155595e+09  5.071208e+09  4.433189e+09  3.368568e+09  3.217271e+09  4.559314e+10  1.331887e+10  3.373947e+10  9.629950e+10  2.585287e+10  1.606630e+10  1.291801e+10  1.268537e+10  1.456915e+10  1.857215e+10  3.021381e+10  2.448520e+11  1.003673e+12  2.098653e+11  1.395888e+11  2.650611e+11  3.405113e+12  3.841648e+11  2.356620e+11  1.765932e+11  6.375932e+10  4.844156e+10
  9.797928e+10  6.728020e+10  4.415916e+10  1.582357e+10  8.778885e+09  6.592385e+09  5.788090e+09  5.116433e+09  4.601769e+09  3.944443e+09  3.920315e+09  3.375189e+09  2.553724e+09  2.889017e+09  6.435722e+09  1.359760e+10  2.055321e+10  2.309894e+10  1.767769e+10  1.580298e+10  1.244307e+10  1.408139e+10  1.719776e+10  2.959450e+10  5.830968e+10  3.297477e+11  1.679785e+11  1.224024e+11  1.810640e+11  2.545698e+11  4.192799e+11  4.996727e+11  4.157762e+11  1.512113e+11  1.033825e+11  7.261235e+10
  3.602792e+10  3.023368e+10  2.014274e+10  6.949598e+09  4.730084e+09  3.960805e+09  3.693669e+09  3.562277e+09  3.664022e+09  3.471274e+09  3.519173e+09  2.780494e+09  2.334110e+09  2.677438e+09  3.613999e+09  1.458578e+10  1.341070e+10  1.400443e+10  1.642306e+10  1.579622e+10  1.417635e+10  1.865606e+10  2.463362e+10  4.714382e+10  3.556325e+11  2.475964e+11  9.690581e+10  1.830072e+11  1.763633e+11  2.562353e+11  2.258791e+11  2.424004e+11  1.666116e+11  1.602838e+11  5.856451e+10  3.322105e+10
  2.018116e+10  1.067867e+10  9.472414e+09  4.823952e+09  3.296291e+09  2.953213e+09  2.638230e+09  2.612467e+09  2.796501e+09  3.162887e+09  3.136062e+09  2.693695e+09  2.776480e+09  3.063303e+09  3.521961e+09  1.454633e+10  1.549960e+10  1.462313e+10  2.189346e+10  1.686232e+10  1.863815e+10  2.385876e+10  3.241638e+10  6.146671e+10  4.341312e+11  1.862221e+11  1.924385e+11  2.247787e+11  1.998712e+11  2.194252e+11  4.173677e+11  2.450643e+11  1.057031e+11  1.420278e+11  5.058921e+10  1.823397e+10
  1.496037e+10  6.255523e+09  5.849318e+09  3.261441e+09  2.206022e+09  1.836406e+09  1.880860e+09  1.841502e+09  2.023136e+09  2.359562e+09  2.667485e+09  3.158094e+09  3.411564e+09  3.816822e+09  4.905182e+09  6.424404e+09  2.718966e+10  1.406132e+10  1.752787e+10  2.536632e+10  2.407639e+10  2.681879e+10  4.008783e+10  6.146579e+10  1.653935e+11  1.623833e+11  3.879371e+11  4.497332e+11  3.405078e+11  6.219796e+11  2.003597e+11  2.381675e+11  1.136887e+11  1.254861e+11  4.175002e+10  2.646153e+10
  7.409242e+09  3.916595e+09  4.855630e+09  2.162141e+09  1.270201e+09  1.066480e+09  1.115010e+09  1.240634e+09  1.472699e+09  1.900565e+09  2.863689e+09  4.180823e+09  5.079282e+09  5.715666e+09  6.759184e+09  1.076444e+10  2.412688e+10  3.330843e+10  1.166683e+10  2.552939e+10  3.105797e+10  3.490500e+10  4.485803e+10  6.004231e+10  1.588973e+11  4.549787e+11  2.069479e+11  4.060369e+11  3.911662e+11  3.779592e+11  2.271446e+11  6.095826e+10  1.012450e+11  1.566131e+11  3.813904e+10  2.615064e+10
  7.217352e+09  3.390576e+09  4.266540e+09  1.430340e+09  9.130623e+08  7.544132e+08  7.666378e+08  8.326646e+08  1.040878e+09  1.565541e+09  2.552818e+09  3.976427e+09  5.388488e+09  5.865068e+09  7.355113e+09  9.498530e+09  1.191982e+10  2.689326e+10  2.150480e+10  2.595504e+10  3.848463e+10  4.628821e+10  5.521954e+10  6.799073e+10  1.525152e+11  1.556212e+11  2.346112e+11  2.450810e+11  4.111821e+11  1.569967e+11  1.436944e+11  4.417777e+10  1.174613e+11  1.255435e+11  3.136150e+10  1.931802e+10
  6.822121e+09  2.433292e+09  2.048702e+09  1.028264e+09  7.502669e+08  6.307924e+08  5.926591e+08  6.414291e+08  8.850925e+08  1.425906e+09  2.279887e+09  2.964645e+09  3.307293e+09  3.889070e+09  5.179618e+09  7.138211e+09  9.312002e+09  1.228628e+10  2.586541e+10  3.071686e+10  3.178536e+10  5.490825e+10  7.381290e+10  8.175587e+10  9.606059e+10  1.198588e+11  1.796573e+11  1.834690e+11  2.846676e+11  1.471598e+11  6.065679e+10  4.343854e+10  7.862717e+10  5.169892e+10  2.360149e+10  1.242902e+10
  4.865766e+09  2.162836e+09  9.180129e+08  6.372137e+08  5.181787e+08  4.940822e+08  6.040747e+08  8.052103e+08  1.078321e+09  1.434244e+09  1.813096e+09  1.813777e+09  1.972434e+09  2.480064e+09  3.670040e+09  5.424072e+09  7.678225e+09  8.958292e+09  1.637260e+10  2.583929e+10  6.332273e+10  4.410467e+10  6.496578e+10  7.177799e+10  7.446909e+10  7.962215e+10  8.917517e+10  1.201889e+11  1.050701e+11  8.038850e+10  3.753585e+10  5.276923e+10  3.786608e+10  2.759984e+10  1.388881e+10  8.740796e+09
  2.636100e+09  1.601119e+09  5.814270e+08  4.320128e+08  3.468603e+08  3.005665e+08  2.915853e+08  3.371570e+08  3.586451e+08  3.978844e+08  4.973359e+08  5.932220e+08  8.218296e+08  1.178368e+09  1.792384e+09  2.895944e+09  4.402190e+09  6.149226e+09  1.547524e+10  2.439369e+10  3.607437e+10  4.573024e+10  5.751924e+10  4.385398e+10  3.073716e+10  2.836268e+10  3.549170e+10  6.784599e+10  6.524157e+10  2.567439e+10  2.695515e+10  2.721155e+10  1.882122e+10  1.268653e+10  7.198387e+09  3.405215e+09
  2.400981e+09  1.146957e+09  5.912135e+08  5.846401e+08  2.810631e+08  2.774841e+08  2.075710e+08  2.109326e+08  2.108196e+08  2.437270e+08  2.916890e+08  4.004914e+08  6.453549e+08  1.120942e+09  1.769017e+09  2.762610e+09  3.798689e+09  6.190431e+09  1.116723e+10  2.133343e+10  2.111761e+10  4.802334e+10  2.361176e+10  2.225019e+10  2.393710e+10  2.090351e+10  2.305444e+10  3.752534e+10  4.122737e+10  1.916597e+10  7.895744e+09  1.155552e+10  1.056015e+10  7.415407e+09  4.227476e+09  2.489155e+09
  2.336858e+09  1.230786e+09  6.854227e+08  4.565555e+08  3.585679e+08  2.781868e+08  3.306393e+08  4.408701e+08  6.458324e+08  8.429694e+08  1.085139e+09  1.347258e+09  1.657212e+09  2.208989e+09  2.875462e+09  3.716531e+09  4.345280e+09  6.322816e+09  7.172060e+09  1.338516e+10  1.737630e+10  3.164202e+10  1.158525e+10  1.285572e+10  1.141668e+10  9.609495e+09  1.043464e+10  1.605309e+10  1.830771e+10  1.562550e+10  6.582997e+09  1.194508e+10  8.147642e+09  5.852756e+09  3.318586e+09  2.297820e+09
  2.091359e+09  2.812072e+09  1.462154e+09  7.367826e+08  3.515388e+08  2.863845e+08  2.893106e+08  3.639467e+08  5.178694e+08  7.888690e+08  9.832589e+08  1.232448e+09  1.384230e+09  1.444661e+09  1.627360e+09  1.486007e+09  1.585129e+09  2.060608e+09  4.424235e+09  6.055928e+09  7.483763e+09  7.308821e+09  6.174776e+09  4.507867e+09  3.967156e+09  3.384481e+09  3.626575e+09  7.983147e+09  9.664026e+09  9.012817e+09  8.797914e+09  7.048541e+09  4.284484e+09  2.942977e+09  2.235748e+09  2.125261e+09
  2.824556e+09  3.772147e+09  2.548884e+09  1.587691e+09  7.876289e+08  3.135623e+08  2.772079e+08  2.482862e+08  2.863452e+08  3.568248e+08  4.540476e+08  6.095985e+08  7.203961e+08  8.345134e+08  7.634906e+08  6.196394e+08  6.103801e+08  8.627867e+08  7.069227e+09  5.102840e+09  3.227751e+09  2.458576e+09  2.220001e+09  1.825263e+09  1.731017e+09  2.330581e+09  3.756091e+09  8.081397e+09  6.052578e+09  3.760536e+09  9.423024e+09  4.300651e+09  2.234276e+09  1.906885e+09  1.912181e+09  2.459190e+09
  3.029119e+09  4.461202e+09  6.082281e+09  2.977592e+09  1.124957e+09  4.233302e+08  2.650930e+08  2.196727e+08  2.385260e+08  2.382683e+08  2.973881e+08  4.168926e+08  5.717597e+08  5.846753e+08  5.172802e+08  3.406785e+08  4.005620e+08  7.340598e+08  2.099174e+10  6.334823e+09  2.564936e+09  1.568857e+09  1.352340e+09  1.218816e+09  1.384903e+09  2.179169e+09  5.609740e+09  1.290713e+10  4.485548e+09  2.362398e+09  5.472701e+09  2.305455e+09  1.225715e+09  1.254465e+09  1.813854e+09  2.379347e+09
  3.501489e+09  5.678249e+09  7.496838e+09  6.755511e+09  1.606777e+09  4.939858e+08  3.128604e+08  2.394405e+08  2.309387e+08  2.211353e+08  2.559069e+08  3.317422e+08  4.290310e+08  4.601665e+08  4.319868e+08  2.473047e+08  2.771663e+08  5.703410e+08  1.877925e+09  7.023989e+10  3.463491e+09  1.608402e+09  1.336566e+09  1.022465e+09  1.004129e+09  1.655048e+09  5.974427e+09  1.459045e+10  3.471341e+09  2.025543e+09  2.868259e+09  1.002721e+09  8.694466e+08  9.724062e+08  1.585566e+09  2.155411e+09
  3.260469e+09  1.759449e+10  1.517651e+10  2.862373e+10  3.234448e+09  6.418533e+08  6.525818e+08  3.255833e+08  2.626189e+08  2.243322e+08  2.467398e+08  2.876305e+08  3.384971e+08  3.667607e+08  3.457558e+08  2.187811e+08  1.927342e+08  4.459913e+08  1.859971e+09  1.222876e+11  4.512626e+09  2.507593e+09  1.523118e+09  1.113574e+09  8.451922e+08  1.157370e+09  4.394353e+09  4.455368e+10  4.485989e+09  2.022758e+09  1.370115e+09  8.132231e+08  6.646008e+08  7.595990e+08  1.057989e+09  1.769669e+09
  2.877997e+09  5.638700e+10  4.530277e+10  1.019748e+11  6.403863e+09  1.307419e+09  6.148482e+08  4.469082e+08  3.614851e+08  2.905688e+08  2.651527e+08  2.888918e+08  3.175144e+08  3.364296e+08  2.675364e+08  1.851885e+08  1.443509e+08  2.321920e+08  2.168576e+09  1.776899e+11  7.595476e+09  3.302776e+09  2.485371e+09  1.467358e+09  8.672612e+08  8.474484e+08  2.981777e+09  7.357290e+10  1.213756e+10  3.195003e+09  1.327471e+09  8.371044e+08  6.144357e+08  6.469962e+08  7.121546e+08  1.224165e+09
  1.967225e+09  1.361113e+10  5.846280e+10  4.296571e+11  1.063237e+10  2.589439e+09  1.221850e+09  6.944637e+08  5.122585e+08  3.903397e+08  3.218449e+08  2.929601e+08  3.039068e+08  3.236847e+08  2.685942e+08  1.947364e+08  1.327701e+08  1.933250e+08  1.765579e+09  7.072750e+10  1.453714e+10  5.151582e+09  4.191405e+09  2.370535e+09  1.244676e+09  8.780682e+08  2.009118e+09  3.552404e+10  3.149715e+10  5.256464e+09  1.312978e+09  1.105338e+09  7.769598e+08  6.505212e+08  5.778936e+08  7.622334e+08
  1.317735e+09  1.247251e+10  6.239011e+10  7.819453e+10  1.817004e+10  5.137502e+09  2.155449e+09  1.003622e+09  7.333031e+08  5.596012e+08  4.250517e+08  3.554021e+08  3.232789e+08  3.176024e+08  3.036330e+08  2.266092e+08  1.619173e+08  1.617005e+08  1.316944e+09  3.894879e+10  2.233189e+10  9.261811e+09  6.427215e+09  3.648886e+09  2.068368e+09  1.264433e+09  1.257634e+09  7.174126e+09  3.836523e+10  8.581659e+09  2.659070e+09  1.659780e+09  1.044420e+09  7.729702e+08  6.771992e+08  6.641956e+08
  9.939460e+08  4.022798e+09  1.106616e+10  2.259704e+10  2.347753e+10  7.270489e+09  3.114981e+09  2.090518e+09  8.995534e+08  6.649021e+08  5.111154e+08  4.104117e+08  3.597447e+08  3.187200e+08  2.988462e+08  2.708643e+08  2.176943e+08  2.204778e+08  9.191210e+08  4.318626e+10  2.480247e+10  1.361273e+10  9.837358e+09  5.536529e+09  3.413865e+09  2.124433e+09  1.795635e+09  3.783526e+09  1.019762e+10  9.896499e+09  4.802652e+09  2.371354e+09  1.531732e+09  1.067495e+09  9.326719e+08  8.116243e+08
  8.871988e+08  1.626113e+09  6.677515e+09  1.289235e+10  1.573859e+10  6.636970e+09  3.684053e+09  2.906126e+09  1.040216e+09  8.171532e+08  6.387487e+08  5.004838e+08  4.249294e+08  3.610733e+08  3.218881e+08  2.965726e+08  2.518283e+08  2.371508e+08  7.999709e+08  1.268280e+11  2.666733e+10  1.962836e+10  1.362112e+10  8.286562e+09  4.945039e+09  3.559598e+09  3.011193e+09  2.486994e+09  5.080211e+09  8.503658e+09  6.816619e+09  3.359393e+09  2.063535e+09  1.533418e+09  1.274008e+09  1.039710e+09
  9.968311e+08  1.250669e+09  3.534596e+09  7.753822e+09  9.523271e+09  5.630607e+09  4.169566e+09  1.282865e+09  1.164985e+09  8.957785e+08  7.146491e+08  6.043582e+08  4.896873e+08  4.072752e+08  3.570912e+08  3.086324e+08  2.802656e+08  3.001331e+08  9.593430e+08  5.604903e+10  3.886633e+10  2.788344e+10  1.960973e+10  1.123681e+10  6.536679e+09  4.978662e+09  3.784812e+09  2.889488e+09  3.907045e+09  5.713647e+09  6.132262e+09  4.070268e+09  2.883904e+09  2.136661e+09  1.549936e+09  1.224576e+09
  9.347554e+08  1.010164e+09  2.001638e+09  4.038200e+09  5.218684e+09  4.384657e+09  3.625248e+09  1.701987e+09  1.225705e+09  9.729361e+08  8.045247e+08  6.014782e+08  5.221563e+08  4.483176e+08  3.853628e+08  3.510536e+08  3.073047e+08  3.290241e+08  1.470840e+09  7.497594e+10  3.657052e+10  2.873111e+10  1.847089e+10  1.344596e+10  8.519909e+09  6.542128e+09  3.975492e+09  3.305164e+09  3.153964e+09  3.628776e+09  3.898450e+09  3.317366e+09  2.718496e+09  2.283624e+09  1.596589e+09  1.134091e+09
  8.521774e+08  8.044457e+08  9.428427e+08  1.565736e+09  2.460869e+09  2.828073e+09  2.395455e+09  1.595323e+09  1.216965e+09  9.402783e+08  7.485511e+08  6.134460e+08  5.305490e+08  4.212840e+08  3.558438e+08  3.274787e+08  2.947874e+08  3.232070e+08  7.313825e+08  1.547093e+10  2.004909e+10  2.452001e+10  1.910212e+10  1.418661e+10  9.395373e+09  6.477785e+09  4.459453e+09  3.173686e+09  2.502351e+09  2.525922e+09  2.339293e+09  2.144508e+09  1.909503e+09  1.416863e+09  1.188740e+09  1.016413e+09
  5.200934e+08  4.570884e+08  4.746415e+08  6.099347e+08  8.561634e+08  1.198337e+09  1.275833e+09  1.115164e+09  8.918899e+08  7.032418e+08  5.522463e+08  4.861789e+08  4.131678e+08  3.860294e+08  3.124900e+08  2.651759e+08  2.319561e+08  2.390121e+08  2.846082e+08  5.198589e+08  6.507010e+09  9.423089e+09  9.441862e+09  7.272098e+09  5.820243e+09  3.813092e+09  2.593278e+09  1.857005e+09  1.667864e+09  1.450605e+09  1.469512e+09  1.144395e+09  9.632452e+08  8.851227e+08  8.585312e+08  6.579469e+08
  1.700043e+08  1.393448e+08  1.976442e+08  2.354556e+08  2.686481e+08  3.259507e+08  3.890672e+08  3.829779e+08  3.673557e+08  3.419468e+08  2.814651e+08  2.441688e+08  2.259959e+08  2.072289e+08  1.862108e+08  1.696873e+08  1.662271e+08  1.598463e+08  1.829363e+08  4.461201e+08  7.666531e+08  1.985170e+09  3.255814e+09  3.130495e+09  2.253806e+09  1.916003e+09  1.641461e+09  1.088292e+09  9.977757e+08  5.560038e+08  5.647033e+08  4.884480e+08  2.799714e+08  2.271018e+08  2.160439e+08  1.795397e+08
  3.400921e+07  3.185765e+07  3.056222e+07  3.871631e+07  3.624933e+07  4.227247e+07  5.801091e+07  5.435073e+07  6.413958e+07  6.658228e+07  9.239637e+07  1.068189e+08  1.281415e+08  1.213041e+08  1.227065e+08  1.485503e+08  1.358793e+08  1.587278e+08  1.350774e+08  2.337669e+08  3.016787e+08  3.593664e+08  5.160743e+08  7.766734e+08  5.394081e+08  4.062608e+08  3.578082e+08  1.549491e+08  1.124488e+08  7.073455e+07  5.755868e+07  5.901616e+07  7.079837e+07  3.925214e+07  4.877284e+07  3.714749e+07
