  1.297675e+10  1.098173e+10  1.105467e+10  1.073034e+10  1.206723e+10  1.295379e+10  1.006632e+10  9.274058e+09  1.019412e+10  9.623231e+09  9.216487e+09  8.675049e+09  8.984653e+09  1.043087e+10  1.125406e+10  1.029977e+10  8.772338e+09  4.702114e+09  1.901571e+09  1.777837e+09  1.805367e+09  1.603826e+09  1.725572e+09  3.492876e+09  3.467420e+09  3.155549e+09  3.518317e+09  4.243536e+09  4.430919e+09  7.335048e+09  8.753556e+09  1.223979e+10  1.613696e+10  1.658699e+10  1.257924e+10  1.662646e+10
  2.792385e+10  2.362435e+10  4.180634e+10  4.601036e+10  2.609017e+10  3.555388e+10  1.983658e+10  2.315808e+10  3.528740e+10  9.132778e+10  7.399978e+10  8.787163e+10  2.340464e+10  1.089340e+10  9.077913e+09  7.904615e+09  5.100520e+09  3.796280e+09  2.782514e+09  2.443608e+09  2.158692e+09  2.129094e+09  9.108446e+09  7.877871e+09  5.652354e+09  6.291157e+09  6.432603e+09  1.353660e+10  1.195886e+10  1.937658e+10  2.727707e+10  3.638692e+10  4.447406e+10  4.229859e+10  3.595407e+10  4.257780e+10
  5.204277e+10  5.004010e+10  5.067756e+10  2.891745e+11  4.225653e+10  3.063074e+10  2.407930e+10  2.634536e+10  3.058265e+10  4.303606e+10  2.832335e+10  2.150502e+10  1.299969e+10  4.835687e+09  3.946038e+09  3.787394e+09  3.312230e+09  3.552835e+09  4.055713e+09  3.634688e+09  4.559949e+09  7.457477e+09  8.574764e+09  1.058751e+10  1.172312e+10  1.285705e+10  2.415652e+10  3.384049e+10  4.501572e+10  5.545720e+10  6.915088e+10  9.773371e+10  8.716158e+10  1.000821e+11  7.475315e+10  7.117149e+10
  9.653698e+10  1.137865e+11  1.103774e+11  1.007752e+11  4.903482e+10  4.587672e+10  3.349012e+10  3.085206e+10  2.642058e+10  2.551200e+10  1.956428e+10  1.588328e+10  1.634716e+10  8.326783e+09  6.185501e+09  1.774510e+10  2.795937e+10  1.280945e+10  9.674502e+09  6.330461e+09  6.477957e+09  9.073209e+09  1.348217e+10  1.357734e+10  1.420796e+10  1.774466e+10  1.037787e+11  8.284963e+10  9.009270e+10  1.277619e+11  1.440657e+11  2.062024e+11  2.117815e+11  1.455132e+11  1.761010e+11  1.715355e+11
  1.401186e+11  2.537771e+11  1.914173e+11  1.245916e+11  6.104820e+10  4.627217e+10  3.904859e+10  3.198318e+10  2.824560e+10  2.322470e+10  1.890215e+10  1.625533e+10  1.366258e+10  1.535428e+10  1.600126e+10  7.651946e+10  8.636464e+10  4.267410e+10  1.799987e+10  9.837095e+09  1.437172e+10  1.472797e+10  1.434525e+10  1.588153e+10  1.401013e+10  2.412192e+10  2.562418e+11  3.780218e+11  3.840245e+11  2.140018e+11  7.153781e+11  4.683224e+11  8.561487e+11  3.495978e+11  2.554242e+11  1.660919e+11
  9.884310e+11  7.267463e+11  2.983135e+11  1.607116e+11  7.330107e+10  5.053113e+10  4.062249e+10  3.206071e+10  2.698600e+10  2.300138e+10  1.954714e+10  1.515703e+10  1.212867e+10  1.085985e+10  2.188326e+10  1.051796e+11  7.856879e+10  8.204594e+10  4.013832e+10  2.436297e+10  2.039497e+10  1.641635e+10  1.842661e+10  1.479167e+10  1.367362e+10  2.588839e+10  1.451066e+11  1.930418e+11  1.540183e+11  1.193978e+11  2.174786e+11  6.333088e+11  2.526612e+12  4.788546e+11  7.562673e+11  6.290349e+11
  1.131975e+12  9.970738e+11  2.525451e+11  8.222202e+10  7.563693e+10  4.923220e+10  3.836993e+10  2.977844e+10  2.300724e+10  1.853030e+10  1.501982e+10  1.148016e+10  9.199747e+09  1.612114e+10  1.515490e+10  7.620769e+10  1.538457e+11  1.853542e+11  6.159418e+10  3.133803e+10  2.274764e+10  1.720458e+10  1.742576e+10  1.260964e+10  1.294849e+10  6.059161e+10  3.064724e+10  1.083288e+11  8.276383e+10  1.575140e+11  3.131286e+11  4.497269e+11  4.785147e+11  6.845522e+11  2.553611e+12  1.198425e+12
  9.687037e+11  3.002787e+11  1.428561e+11  1.096536e+11  6.550043e+10  3.989411e+10  2.981382e+10  2.308092e+10  1.730401e+10  1.329860e+10  1.012327e+10  8.609485e+09  6.689219e+09  7.451355e+09  8.453678e+10  4.159840e+10  8.899738e+10  4.269497e+11  8.240150e+10  3.449762e+10  1.783988e+10  1.431349e+10  1.375640e+10  1.181776e+10  1.525897e+10  7.046727e+10  1.252431e+11  5.380165e+10  8.764285e+10  1.405927e+11  5.717647e+11  7.007920e+11  3.486325e+11  4.313335e+11  2.940084e+11  3.397983e+11
  3.748802e+11  2.207754e+11  1.064964e+11  5.358137e+10  3.322516e+10  2.151786e+10  1.672985e+10  1.365745e+10  1.104533e+10  8.672035e+09  6.973644e+09  6.531809e+09  5.257872e+09  6.077620e+09  1.654312e+11  2.929280e+10  5.881178e+10  2.639855e+11  4.174520e+10  2.010063e+10  1.411972e+10  1.179999e+10  1.271771e+10  1.475149e+10  2.458368e+10  2.002161e+11  8.862369e+11  1.762655e+11  1.244725e+11  2.614505e+11  4.057495e+12  4.215771e+11  2.823379e+11  2.253776e+11  6.103801e+10  5.534457e+10
  1.558379e+11  1.032744e+11  7.001301e+10  2.350403e+10  1.269737e+10  9.584307e+09  8.070356e+09  7.168865e+09  6.443593e+09  5.409396e+09  5.360899e+09  5.022028e+09  4.111545e+09  5.588586e+09  1.834182e+10  2.903107e+10  2.984023e+10  3.608913e+10  2.046918e+10  1.654473e+10  1.201401e+10  1.260927e+10  1.426237e+10  2.354302e+10  4.438400e+10  2.765743e+11  1.469510e+11  1.074152e+11  1.653635e+11  2.339698e+11  4.771264e+11  5.868564e+11  4.380511e+11  2.061774e+11  1.297431e+11  7.544969e+10
  4.945420e+10  4.584099e+10  3.037688e+10  1.015433e+10  6.729821e+09  5.505648e+09  5.112012e+09  4.927067e+09  5.067737e+09  4.635661e+09  4.883356e+09  4.220401e+09  3.808644e+09  5.188305e+09  8.599902e+09  2.384212e+10  1.678700e+10  1.532800e+10  1.603381e+10  1.477270e+10  1.256313e+10  1.594354e+10  2.066129e+10  3.842606e+10  2.747959e+11  1.928119e+11  8.084657e+10  1.517930e+11  1.597523e+11  2.397858e+11  2.425420e+11  2.443273e+11  1.794675e+11  2.155142e+11  7.158989e+10  3.740178e+10
  2.657602e+10  1.710960e+10  1.451270e+10  6.927876e+09  4.635605e+09  4.150618e+09  3.633469e+09  3.582799e+09  3.739808e+09  4.161129e+09  4.260709e+09  4.042422e+09  4.283497e+09  5.398685e+09  6.263452e+09  1.830065e+10  1.808945e+10  1.345414e+10  1.851208e+10  1.470308e+10  1.662599e+10  2.076792e+10  2.834679e+10  5.116384e+10  3.517041e+11  1.540275e+11  1.602982e+11  1.957103e+11  1.829929e+11  1.940660e+11  4.132178e+11  2.486666e+11  1.191601e+11  1.727188e+11  6.135238e+10  2.092620e+10
  1.938173e+10  8.745772e+09  8.510334e+09  4.552219e+09  3.044997e+09  2.541064e+09  2.600566e+09  2.470592e+09  2.605518e+09  2.924981e+09  3.454100e+09  4.305484e+09  4.836664e+09  5.554088e+09  6.273692e+09  6.977118e+09  2.767657e+10  1.163027e+10  1.521069e+10  2.411088e+10  2.236353e+10  2.431339e+10  3.525398e+10  5.206253e+10  1.218591e+11  1.372201e+11  3.323152e+11  3.831251e+11  2.885371e+11  4.918407e+11  1.876613e+11  2.282168e+11  1.133982e+11  1.488474e+11  5.260655e+10  3.139494e+10
  8.748430e+09  5.088310e+09  7.191782e+09  3.036544e+09  1.673795e+09  1.402378e+09  1.476475e+09  1.599607e+09  1.807828e+09  2.228959e+09  3.329817e+09  5.089802e+09  6.222540e+09  6.587091e+09  6.989087e+09  1.023451e+10  2.190413e+10  2.634429e+10  1.017465e+10  2.281646e+10  2.899922e+10  3.252176e+10  3.938219e+10  5.074044e+10  1.342687e+11  5.134382e+11  1.746062e+11  3.408910e+11  2.994539e+11  3.523007e+11  2.162857e+11  6.140906e+10  1.002853e+11  1.815885e+11  4.886264e+10  3.385195e+10
  8.253719e+09  4.237425e+09  5.767179e+09  1.929800e+09  1.222805e+09  9.973577e+08  9.921649e+08  1.003379e+09  1.185607e+09  1.716941e+09  2.875210e+09  4.585637e+09  5.796805e+09  5.674841e+09  6.692006e+09  8.614818e+09  1.067016e+10  2.277027e+10  1.831245e+10  2.125217e+10  3.519802e+10  4.211616e+10  4.871105e+10  5.668095e+10  1.435585e+11  1.412671e+11  2.072642e+11  2.126765e+11  3.626302e+11  1.559555e+11  1.527311e+11  4.670577e+10  1.251994e+11  1.492216e+11  3.912833e+10  2.400958e+10
  8.711625e+09  2.923886e+09  2.548292e+09  1.303264e+09  9.753266e+08  8.148878e+08  7.496562e+08  7.565613e+08  9.864511e+08  1.552648e+09  2.493368e+09  3.198262e+09  3.434592e+09  3.776908e+09  4.764925e+09  6.241707e+09  7.899703e+09  1.067388e+10  2.309070e+10  2.636003e+10  2.720812e+10  4.819734e+10  6.513180e+10  6.980519e+10  9.237234e+10  1.067095e+11  1.611949e+11  1.698409e+11  2.612978e+11  1.525830e+11  6.965366e+10  4.702648e+10  9.389749e+10  6.364777e+10  2.979308e+10  1.550631e+10
  6.638790e+09  2.656227e+09  1.021693e+09  7.643134e+08  6.239932e+08  5.815666e+08  6.849249e+08  8.789470e+08  1.124241e+09  1.474664e+09  1.856439e+09  1.877258e+09  1.981962e+09  2.369524e+09  3.434835e+09  4.984784e+09  6.981840e+09  7.886151e+09  1.364413e+10  2.169436e+10  5.384353e+10  3.873209e+10  5.733176e+10  6.389020e+10  6.760812e+10  7.241753e+10  8.291742e+10  1.078525e+11  9.967685e+10  9.702672e+10  4.563099e+10  6.064676e+10  4.617145e+10  3.454525e+10  1.734385e+10  1.047070e+10
  3.561883e+09  1.774734e+09  6.446343e+08  4.917601e+08  3.931089e+08  3.361563e+08  3.093682e+08  3.464516e+08  3.453867e+08  3.703862e+08  4.586210e+08  5.534063e+08  7.791967e+08  1.133297e+09  1.765363e+09  2.893344e+09  4.365893e+09  5.650653e+09  1.328109e+10  2.035827e+10  3.006348e+10  3.962390e+10  4.668867e+10  3.421029e+10  2.492039e+10  2.385781e+10  3.019591e+10  5.838112e+10  5.983772e+10  2.660079e+10  3.226904e+10  3.377915e+10  2.331216e+10  1.571612e+10  9.169607e+09  4.312037e+09
  2.941760e+09  1.393627e+09  7.665829e+08  7.420027e+08  3.482320e+08  3.051377e+08  2.114480e+08  2.113255e+08  1.988024e+08  2.245473e+08  2.707037e+08  3.857028e+08  6.357900e+08  1.123036e+09  1.771493e+09  2.877256e+09  4.036001e+09  6.580685e+09  9.609832e+09  1.747684e+10  1.758848e+10  3.622252e+10  1.879487e+10  1.725624e+10  1.932794e+10  1.770268e+10  2.073315e+10  3.325544e+10  3.809123e+10  1.964741e+10  8.898480e+09  1.508158e+10  1.349045e+10  8.875774e+09  5.071860e+09  3.123968e+09
  3.196259e+09  1.920259e+09  9.636224e+08  6.535523e+08  4.611391e+08  3.202990e+08  3.284572e+08  4.167819e+08  6.058948e+08  7.956055e+08  1.029532e+09  1.284560e+09  1.596912e+09  2.162852e+09  2.894400e+09  4.006565e+09  5.096272e+09  8.212393e+09  6.445126e+09  1.137974e+10  1.481387e+10  2.556884e+10  1.016436e+10  1.086474e+10  1.013027e+10  9.039750e+09  9.809833e+09  1.543491e+10  1.829195e+10  1.731656e+10  7.533295e+09  1.577210e+10  1.033012e+10  6.967591e+09  3.870266e+09  2.923719e+09
  2.963720e+09  4.236290e+09  2.329548e+09  1.200145e+09  4.835357e+08  3.808919e+08  3.278962e+08  3.728767e+08  5.208358e+08  7.977964e+08  1.015145e+09  1.262885e+09  1.472491e+09  1.683746e+09  2.041652e+09  2.094964e+09  2.412901e+09  3.327318e+09  4.417999e+09  5.487695e+09  6.925975e+09  6.967165e+09  6.914049e+09  4.699012e+09  4.347868e+09  3.989976e+09  4.295196e+09  9.287148e+09  1.004776e+10  1.066620e+10  9.949544e+09  8.546267e+09  5.327759e+09  3.837751e+09  2.920697e+09  3.000276e+09
  4.348925e+09  5.454257e+09  4.326113e+09  2.362010e+09  1.527265e+09  4.472108e+08  3.774886e+08  2.988975e+08  3.120110e+08  3.812595e+08  4.947045e+08  6.923402e+08  9.034216e+08  1.195673e+09  1.169584e+09  1.061835e+09  1.151291e+09  1.629822e+09  8.303149e+09  5.903339e+09  3.382629e+09  2.975211e+09  3.374202e+09  2.635531e+09  2.598617e+09  3.568742e+09  5.438979e+09  1.099468e+10  7.898874e+09  4.742234e+09  1.145047e+10  5.746562e+09  3.028599e+09  2.648512e+09  2.785498e+09  3.740812e+09
  4.933556e+09  7.085440e+09  8.866411e+09  3.952002e+09  1.683719e+09  6.155152e+08  3.771286e+08  3.048155e+08  3.086830e+08  2.894780e+08  3.566224e+08  5.219085e+08  7.679180e+08  8.731741e+08  8.846690e+08  6.483679e+08  8.433186e+08  1.604722e+09  3.410172e+10  9.007674e+09  3.267349e+09  2.200128e+09  2.256383e+09  2.140073e+09  2.374965e+09  3.638272e+09  8.606976e+09  1.848332e+10  6.926897e+09  3.363790e+09  7.945078e+09  3.212644e+09  1.864343e+09  1.862565e+09  2.836583e+09  3.884485e+09
  5.907534e+09  8.976888e+09  9.824669e+09  8.687899e+09  2.159022e+09  7.281594e+08  4.787365e+08  3.497239e+08  3.370641e+08  3.032318e+08  3.388780e+08  4.477676e+08  6.047652e+08  7.052746e+08  7.466489e+08  4.878500e+08  6.404954e+08  1.483570e+09  3.470108e+09  1.919764e+11  5.399047e+09  2.602987e+09  2.352379e+09  1.968176e+09  1.908385e+09  2.950763e+09  9.363184e+09  2.130484e+10  5.377275e+09  3.118542e+09  4.399212e+09  1.456568e+09  1.421311e+09  1.586844e+09  2.591303e+09  3.557298e+09
  5.906479e+09  3.148980e+10  2.117785e+10  3.571439e+10  4.418086e+09  1.024113e+09  1.024564e+09  5.129363e+08  4.148417e+08  3.464924e+08  3.706246e+08  4.052042e+08  4.928977e+08  5.683778e+08  5.879852e+08  4.162978e+08  4.223783e+08  1.088829e+09  4.597496e+09  4.259034e+11  8.802328e+09  4.891463e+09  2.838106e+09  2.247205e+09  1.728782e+09  2.166420e+09  7.252650e+09  6.513177e+10  7.147638e+09  3.137263e+09  2.196066e+09  1.295690e+09  1.178063e+09  1.334817e+09  1.835657e+09  2.926878e+09
  5.343322e+09  1.332434e+11  8.075236e+10  1.308371e+11  8.814088e+09  2.077085e+09  9.973830e+08  7.242200e+08  5.830709e+08  4.820687e+08  4.384574e+08  4.455177e+08  4.845719e+08  5.123232e+08  4.244256e+08  3.154777e+08  2.856508e+08  5.977702e+08  6.287995e+09  5.749105e+11  1.708831e+10  8.377110e+09  4.917227e+09  2.895379e+09  1.921019e+09  1.793308e+09  5.119890e+09  9.429603e+10  2.010895e+10  5.503877e+09  2.263514e+09  1.475099e+09  1.131917e+09  1.152774e+09  1.286745e+09  2.107973e+09
  3.835676e+09  2.641259e+10  1.286767e+11  6.555056e+11  1.502242e+10  3.942467e+09  2.016879e+09  1.149035e+09  8.663115e+08  6.594719e+08  5.579265e+08  4.819454e+08  4.922468e+08  5.178515e+08  4.297313e+08  3.282398e+08  2.455264e+08  4.773054e+08  5.748885e+09  2.132490e+11  3.623467e+10  1.282665e+10  9.013298e+09  4.923724e+09  2.669157e+09  1.985424e+09  3.706252e+09  5.432041e+10  5.146096e+10  9.219243e+09  2.466526e+09  1.970658e+09  1.409997e+09  1.203512e+09  1.081463e+09  1.460263e+09
  2.485875e+09  2.933343e+10  1.599103e+11  1.152112e+11  2.579185e+10  7.596454e+09  3.441714e+09  1.706560e+09  1.240636e+09  9.383598e+08  7.341410e+08  5.921971e+08  5.360519e+08  5.208433e+08  5.040767e+08  3.744095e+08  2.943573e+08  3.539986e+08  4.606863e+09  1.198804e+11  5.740300e+10  2.308075e+10  1.485177e+10  7.788427e+09  4.448902e+09  2.860757e+09  2.556306e+09  1.310277e+10  6.876523e+10  1.553340e+10  4.872052e+09  2.963201e+09  1.934784e+09  1.481493e+09  1.329646e+09  1.308167e+09
  1.933069e+09  8.628715e+09  1.878336e+10  3.286140e+10  3.183438e+10  1.039290e+10  4.717939e+09  3.472609e+09  1.601184e+09  1.183877e+09  9.030371e+08  7.063295e+08  6.014287e+08  5.414254e+08  5.108913e+08  4.554214e+08  3.845088e+08  4.784850e+08  3.193914e+09  1.736018e+11  7.198770e+10  3.358391e+10  2.111794e+10  1.175725e+10  7.248267e+09  4.706846e+09  3.805573e+09  7.266511e+09  2.094301e+10  1.887203e+10  8.670293e+09  4.171380e+09  2.732667e+09  2.023658e+09  1.806399e+09  1.621354e+09
  1.825363e+09  3.168056e+09  1.112617e+10  1.917139e+10  2.484501e+10  9.413887e+09  5.317042e+09  4.637447e+09  1.787268e+09  1.441654e+09  1.114261e+09  8.683878e+08  7.304700e+08  6.252272e+08  5.710283e+08  5.216126e+08  4.509145e+08  4.675581e+08  2.260068e+09  9.873499e+11  7.283376e+10  4.635874e+10  2.901706e+10  1.641966e+10  1.044112e+10  7.326081e+09  5.813513e+09  5.417450e+09  9.546844e+09  1.590773e+10  1.236059e+10  6.086758e+09  3.721640e+09  2.864329e+09  2.449367e+09  2.086745e+09
  2.024731e+09  2.593467e+09  6.024093e+09  1.216885e+10  1.487425e+10  8.510670e+09  6.217958e+09  1.908805e+09  1.978179e+09  1.588609e+09  1.263034e+09  1.034750e+09  8.337051e+08  7.014982e+08  6.354772e+08  5.664527e+08  5.242713e+08  5.676428e+08  2.623565e+09  1.674150e+11  8.994352e+10  5.880271e+10  3.772599e+10  2.214031e+10  1.273751e+10  9.718160e+09  7.326133e+09  5.932116e+09  7.397894e+09  1.059697e+10  1.099313e+10  7.177885e+09  5.103645e+09  3.927719e+09  2.976260e+09  2.414698e+09
  1.813643e+09  1.969932e+09  3.660897e+09  6.865438e+09  8.498331e+09  6.900299e+09  5.831122e+09  2.584050e+09  1.944902e+09  1.638824e+09  1.364022e+09  1.044985e+09  8.927849e+08  7.589973e+08  6.541777e+08  6.111481e+08  5.591575e+08  6.546018e+08  3.025962e+09  1.112211e+11  5.967520e+10  5.638257e+10  3.707844e+10  2.537691e+10  1.671375e+10  1.256753e+10  8.369701e+09  6.730404e+09  6.363306e+09  7.047393e+09  7.279757e+09  6.245743e+09  5.035585e+09  4.102798e+09  2.983053e+09  2.193828e+09
  1.570694e+09  1.502528e+09  1.851597e+09  2.848246e+09  4.387309e+09  4.623612e+09  3.954682e+09  2.681988e+09  2.012191e+09  1.553404e+09  1.217514e+09  1.024124e+09  8.789742e+08  7.303576e+08  6.355661e+08  5.836668e+08  5.258508e+08  5.659458e+08  1.479114e+09  1.652279e+10  2.719446e+10  3.868787e+10  3.343502e+10  2.428281e+10  1.675031e+10  1.192899e+10  8.330113e+09  6.043045e+09  4.703160e+09  4.740172e+09  4.509508e+09  4.132141e+09  3.554369e+09  2.732981e+09  2.253468e+09  1.865517e+09
  9.946865e+08  8.722390e+08  9.001371e+08  1.137318e+09  1.577606e+09  2.121203e+09  2.230868e+09  1.877119e+09  1.477398e+09  1.172162e+09  9.104753e+08  7.966170e+08  6.929075e+08  6.342069e+08  5.288190e+08  4.538109e+08  3.984773e+08  4.054381e+08  5.040777e+08  1.163321e+09  8.145337e+09  1.380334e+10  1.522864e+10  1.278875e+10  1.048400e+10  7.361408e+09  5.205688e+09  3.713143e+09  3.110103e+09  2.584539e+09  2.527944e+09  2.129326e+09  1.893449e+09  1.647003e+09  1.505451e+09  1.202838e+09
  3.385497e+08  2.812156e+08  3.868423e+08  4.269315e+08  4.713637e+08  5.596675e+08  6.545738e+08  6.588360e+08  6.387548e+08  5.840435e+08  4.791306e+08  4.114242e+08  3.794588e+08  3.503577e+08  3.102045e+08  2.874356e+08  2.827306e+08  2.784148e+08  3.439311e+08  8.723829e+08  1.288619e+09  2.881161e+09  4.252770e+09  4.384300e+09  3.725586e+09  3.373165e+09  2.851393e+09  1.939315e+09  1.596828e+09  1.057683e+09  1.085963e+09  1.039277e+09  5.927239e+08  4.665324e+08  4.429081e+08  3.609450e+08
  6.311569e+07  6.223608e+07  5.771409e+07  7.142176e+07  6.564834e+07  6.617926e+07  1.036640e+08  8.457066e+07  9.870469e+07  1.139726e+08  1.714099e+08  2.012687e+08  2.308041e+08  2.075364e+08  2.075318e+08  2.760602e+08  2.463929e+08  2.870663e+08  2.065857e+08  3.851008e+08  5.020831e+08  5.935623e+08  7.808867e+08  1.107998e+09  7.240368e+08  5.149622e+08  4.598083e+08  2.209342e+08  1.753463e+08  1.277611e+08  1.036011e+08  1.076199e+08  1.136585e+08  6.902879e+07  8.893982e+07  6.931696e+07
